5 4 16
0
0.941900 0.000001 0.001840 0.011078 0.322242 
0.000000 0.011452 0.874874 0.034201 0.306324 
0.000000 0.017315 0.123048 0.000000 0.000000 
0.023332 0.048222 0.000000 0.954721 0.000000 
0.034768 0.923011 0.000238 0.000000 0.371434 
1
0.103322 0.000000 0.000000 0.000000 0.008851 
0.367435 0.287387 0.027836 0.618945 0.021434 
0.000000 0.015630 0.971259 0.004788 0.000224 
0.517061 0.660807 0.000000 0.376267 0.000000 
0.012182 0.036176 0.000904 0.000000 0.969491 
2
0.497342 0.004308 0.000000 0.000114 0.013069 
0.000888 0.326989 0.025325 0.040958 0.927076 
0.000000 0.375894 0.974675 0.000024 0.000062 
0.021265 0.032476 0.000000 0.958904 0.000000 
0.480505 0.260334 0.000000 0.000000 0.059794 
3
0.968869 0.258204 0.004810 0.360709 0.008085 
0.005328 0.011987 0.009615 0.573840 0.025855 
0.000000 0.007244 0.966337 0.000000 0.001402 
0.018625 0.687309 0.019224 0.065451 0.000000 
0.007178 0.035256 0.000013 0.000000 0.964658 
0.011325 0.282311 0.004115 0.000869 0.004921 
0.035063 0.021696 0.000000 0.056244 0.005309 
0.000061 0.263325 0.025621 0.004101 0.048380 
0.001615 0.034364 0.001566 0.026443 0.024575 
0.020821 0.241971 0.003811 0.050796 0.000659 
0.046650 0.016240 0.000002 0.456210 0.000674 
0.000352 0.049152 0.082764 0.033876 0.007047 
0.000783 0.005979 0.006542 0.262923 0.005347 
0.047247 0.025137 0.010978 0.000692 0.050379 
0.377933 0.002728 0.000000 0.002912 0.025839 
0.001900 0.025807 0.133014 0.000602 0.480909 
0.043183 0.003397 0.010924 0.004296 0.267687 
0.044812 0.026457 0.056883 0.008828 0.007223 
0.325114 0.000000 0.009386 0.061227 0.001953 
0.002571 0.001436 0.589783 0.002095 0.044096 
0.040571 0.000000 0.064610 0.027886 0.025000 
