8 4 16
0
0.052803 0.000000 0.960384 0.010437 0.465841 0.004393 0.000000 0.000000 
0.000000 0.973476 0.000000 0.000000 0.019639 0.000000 0.000000 0.000000 
0.008348 0.000000 0.008562 0.006887 0.009261 0.000000 0.000000 0.013375 
0.437928 0.000000 0.000000 0.975519 0.000000 0.000022 0.000000 0.016739 
0.497771 0.026505 0.000000 0.000000 0.011924 0.894438 0.010252 0.019857 
0.000000 0.000019 0.000000 0.000000 0.020488 0.101147 0.000000 0.000000 
0.000000 0.000000 0.000000 0.000000 0.441798 0.000000 0.989748 0.000000 
0.003151 0.000000 0.031054 0.007157 0.031049 0.000000 0.000000 0.950029 
1
0.967559 0.000000 0.020844 0.017973 0.023923 0.000000 0.000000 0.006779 
0.000000 0.985906 0.000000 0.000000 0.475064 0.000000 0.000000 0.000000 
0.014228 0.000000 0.001436 0.478012 0.000000 0.000000 0.000000 0.016091 
0.011466 0.000000 0.000000 0.087397 0.000000 0.000000 0.000000 0.000362 
0.006747 0.010931 0.005433 0.000000 0.455785 0.032719 0.014925 0.926783 
0.000000 0.003150 0.000000 0.000000 0.008945 0.965446 0.000000 0.001633 
0.000000 0.000013 0.000000 0.000000 0.007879 0.001836 0.985075 0.000000 
0.000000 0.000000 0.972287 0.416619 0.028405 0.000000 0.000000 0.048353 
2
0.072537 0.000000 0.006270 0.447333 0.447256 0.000000 0.000000 0.003846 
0.000000 0.989403 0.000000 0.000000 0.009510 0.000000 0.000000 0.000000 
0.437213 0.000000 0.938317 0.021339 0.000001 0.000000 0.000000 0.004459 
0.012854 0.000000 0.043186 0.510868 0.000000 0.000000 0.000001 0.005492 
0.477089 0.007331 0.010202 0.000000 0.000000 0.033842 0.923835 0.025200 
0.000013 0.000000 0.000000 0.000000 0.512824 0.966158 0.000000 0.000000 
0.000000 0.000145 0.000000 0.000000 0.013883 0.000000 0.076163 0.000000 
0.000294 0.003121 0.002026 0.020459 0.016526 0.000000 0.000000 0.961003 
3
0.967969 0.000000 0.015861 0.003193 0.029002 0.000000 0.000000 0.000000 
0.000000 0.057395 0.000000 0.000000 0.004621 0.000000 0.000000 0.000000 
0.017886 0.000000 0.001261 0.010396 0.009738 0.000074 0.000000 0.486110 
0.010809 0.000000 0.961385 0.963735 0.000003 0.000000 0.005387 0.440674 
0.003334 0.938801 0.000000 0.001900 0.010000 0.020129 0.038687 0.009405 
0.000002 0.003803 0.000000 0.000000 0.016038 0.979627 0.000029 0.000000 
0.000000 0.000000 0.004395 0.000000 0.008678 0.000000 0.955897 0.000000 
0.000000 0.000000 0.017098 0.020776 0.921920 0.000170 0.000000 0.063810 
0.007375 0.002047 0.081933 0.008837 0.368161 0.000629 0.000002 0.002706 
0.001727 0.008702 0.007398 0.030702 0.031579 0.000000 0.011869 0.083942 
0.077946 0.010961 0.010915 0.000000 0.372668 0.016438 0.004485 0.000229 
0.008709 0.072084 0.001254 0.003391 0.045051 0.000000 0.062198 0.004740 
0.000000 0.006085 0.658439 0.007906 0.040603 0.004255 0.000000 0.063349 
0.000000 0.064871 0.064808 0.042787 0.008903 0.000000 0.001329 0.665052 
0.008096 0.082429 0.071435 0.000010 0.038207 0.089319 0.001668 0.008738 
0.001349 0.664323 0.010975 0.006506 0.003825 0.006655 0.012345 0.067440 
0.065179 0.000000 0.007930 0.043267 0.036989 0.009341 0.017538 0.001499 
0.008331 0.002509 0.000143 0.378839 0.002924 0.000000 0.065773 0.005380 
0.665701 0.000950 0.002443 0.002605 0.037729 0.104863 0.101412 0.000000 
0.071903 0.012342 0.000221 0.043228 0.002650 0.012860 0.648584 0.000543 
0.010643 0.000000 0.075058 0.042638 0.006517 0.059232 0.000013 0.010641 
0.001563 0.011914 0.000000 0.341477 0.000000 0.009821 0.007100 0.075124 
0.064636 0.006334 0.004247 0.002442 0.004192 0.617537 0.005547 0.000002 
0.006843 0.054449 0.002802 0.045362 0.000000 0.069051 0.060138 0.010614 
