14 4 16
0
0.068640 0.000000 0.000000 0.000000 0.000000 0.000000 0.000000 0.000000 0.026841 0.000000 0.000000 0.000000 0.000000 0.000000 
0.000000 0.965141 0.000000 0.000000 0.000000 0.000000 0.000000 0.000000 0.000000 0.000000 0.000000 0.000000 0.000000 0.000479 
0.000000 0.005416 0.980366 0.000002 0.000000 0.000000 0.000000 0.000000 0.000000 0.010231 0.924587 0.000000 0.000000 0.001838 
0.000000 0.000000 0.000000 0.042706 0.000000 0.000000 0.020515 0.000000 0.908995 0.000000 0.000000 0.000000 0.000000 0.000002 
0.000000 0.000000 0.000000 0.000000 0.906606 0.701076 0.000000 0.000000 0.026121 0.000000 0.000000 0.000000 0.000000 0.018170 
0.000000 0.000000 0.000000 0.000009 0.041251 0.000000 0.000000 0.000000 0.000005 0.000000 0.000000 0.000000 0.000000 0.000000 
0.000000 0.000000 0.000000 0.945703 0.000000 0.000000 0.000000 0.000000 0.004557 0.013187 0.000000 0.036333 0.013520 0.000000 
0.000000 0.000000 0.000000 0.000000 0.000000 0.000000 0.000000 0.000085 0.000000 0.002308 0.000000 0.216312 0.000000 0.000000 
0.931360 0.000000 0.000000 0.011580 0.032978 0.000000 0.000000 0.000000 0.033481 0.000000 0.000000 0.000000 0.000000 0.000000 
0.000000 0.001410 0.000000 0.000000 0.000000 0.000000 0.046135 0.000000 0.000000 0.974274 0.016797 0.000000 0.000000 0.000000 
0.000000 0.000030 0.019633 0.000000 0.000000 0.025524 0.000000 0.000000 0.000000 0.000000 0.045921 0.000000 0.001019 0.970011 
0.000000 0.000000 0.000000 0.000000 0.000000 0.000000 0.043311 0.999915 0.000000 0.000000 0.000000 0.747355 0.000000 0.000000 
0.000000 0.000000 0.000000 0.000000 0.000000 0.000000 0.890039 0.000000 0.000000 0.000000 0.000000 0.000000 0.985461 0.000000 
0.000000 0.028004 0.000000 0.000000 0.019165 0.273400 0.000000 0.000000 0.000000 0.000000 0.012695 0.000000 0.000000 0.009500 
1
0.973768 0.000000 0.000000 0.000000 0.000000 0.111919 0.000000 0.000000 0.021865 0.000000 0.000000 0.000000 0.000000 0.000000 
0.000000 0.079114 0.000000 0.000000 0.000000 0.000000 0.000000 0.000000 0.000000 0.004145 0.000000 0.000000 0.000000 0.010144 
0.000000 0.000000 0.063895 0.000000 0.000000 0.000000 0.000000 0.000000 0.000000 0.005208 0.023238 0.000000 0.000000 0.000000 
0.000000 0.000000 0.000006 0.976545 0.000000 0.000000 0.023186 0.000000 0.016547 0.000000 0.000000 0.000000 0.000000 0.000000 
0.000000 0.000000 0.000000 0.000000 0.027042 0.322936 0.000000 0.000000 0.021161 0.000000 0.000000 0.006605 0.000000 0.936231 
0.000000 0.000080 0.000000 0.000000 0.000000 0.249410 0.000000 0.000000 0.000000 0.000000 0.000000 0.000000 0.000000 0.026713 
0.000000 0.000000 0.000000 0.020577 0.000000 0.000000 0.000000 0.006070 0.000000 0.938078 0.000000 0.004439 0.015248 0.000000 
0.000000 0.000000 0.000003 0.000000 0.000000 0.000000 0.121156 0.057362 0.000000 0.000000 0.000000 0.501957 0.000000 0.000000 
0.026232 0.000000 0.000000 0.002878 0.956945 0.004313 0.000000 0.000000 0.940427 0.000000 0.000000 0.000000 0.000000 0.000000 
0.000000 0.000000 0.898912 0.000000 0.000000 0.000000 0.052068 0.000000 0.000000 0.049640 0.000000 0.000000 0.000000 0.000000 
0.000000 0.000000 0.037184 0.000000 0.000002 0.173263 0.000000 0.000000 0.000000 0.002929 0.948605 0.000000 0.000000 0.012844 
0.000000 0.000000 0.000000 0.000000 0.000000 0.000000 0.787939 0.936568 0.000000 0.000000 0.000000 0.486999 0.000000 0.000000 
0.000000 0.000000 0.000000 0.000000 0.000000 0.000000 0.015652 0.000000 0.000000 0.000000 0.000000 0.000000 0.984752 0.000000 
0.000000 0.920806 0.000000 0.000000 0.016012 0.138159 0.000000 0.000000 0.000000 0.000000 0.028157 0.000000 0.000000 0.014068 
2
0.969728 0.000000 0.000000 0.000000 0.000004 0.000000 0.000000 0.000000 0.950089 0.000000 0.000000 0.000000 0.000000 0.000000 
0.000000 0.971025 0.000000 0.000000 0.000000 0.000000 0.000000 0.000000 0.000000 0.000000 0.003423 0.000000 0.000000 0.049709 
0.000000 0.000000 0.047160 0.000000 0.000000 0.000000 0.000000 0.000000 0.000000 0.016081 0.025527 0.000000 0.000000 0.000000 
0.000000 0.000000 0.000007 0.048082 0.000000 0.000000 0.950568 0.000073 0.026463 0.000000 0.000000 0.000000 0.000000 0.000000 
0.000000 0.000000 0.000000 0.002799 0.948763 0.297051 0.000000 0.000000 0.015258 0.000000 0.000000 0.000000 0.000000 0.004478 
0.000000 0.000000 0.000000 0.000002 0.009559 0.182200 0.000000 0.000000 0.000000 0.000000 0.048707 0.000000 0.000000 0.000071 
0.001635 0.000000 0.000000 0.012707 0.000000 0.000000 0.000000 0.033440 0.000000 0.017197 0.000000 0.000000 0.913014 0.000000 
0.000000 0.000000 0.000000 0.000000 0.000000 0.000000 0.015819 0.772035 0.000000 0.000000 0.000000 0.297170 0.000000 0.000000 
0.028636 0.000000 0.000000 0.936410 0.034982 0.000000 0.000000 0.000000 0.003798 0.000000 0.000000 0.000000 0.000000 0.000000 
0.000000 0.000000 0.035144 0.000000 0.000000 0.000000 0.026420 0.000000 0.000000 0.966722 0.000000 0.000000 0.000000 0.000000 
0.000000 0.000001 0.917688 0.000000 0.000000 0.000000 0.000000 0.000000 0.000000 0.000000 0.078983 0.000000 0.000000 0.014129 
0.000000 0.000000 0.000000 0.000000 0.000000 0.000000 0.000000 0.194452 0.000000 0.000000 0.000000 0.702830 0.000000 0.000000 
0.000000 0.000000 0.000000 0.000000 0.000000 0.000000 0.007192 0.000000 0.000000 0.000000 0.000000 0.000000 0.086986 0.000000 
0.000000 0.028974 0.000000 0.000000 0.006692 0.520750 0.000000 0.000000 0.004392 0.000000 0.843360 0.000000 0.000000 0.931613 
3
0.971837 0.000000 0.000000 0.000000 0.000000 0.000000 0.000000 0.000000 0.032536 0.000000 0.000000 0.000000 0.000000 0.000000 
0.000000 0.963470 0.000000 0.000000 0.000000 0.000525 0.000000 0.000000 0.000008 0.000000 0.000000 0.000000 0.000000 0.951548 
0.000000 0.000000 0.942260 0.000000 0.000000 0.001936 0.009281 0.000000 0.000000 0.920080 0.017343 0.000000 0.004070 0.004411 
0.000000 0.000000 0.000000 0.965699 0.000000 0.000000 0.025816 0.000000 0.018159 0.000000 0.000000 0.000000 0.000000 0.000000 
0.000000 0.001662 0.000000 0.000000 0.064262 0.663883 0.000000 0.000000 0.900139 0.000000 0.000000 0.000000 0.000000 0.000002 
0.000000 0.000000 0.000000 0.004299 0.000204 0.000000 0.000000 0.000000 0.029068 0.000000 0.000035 0.000000 0.000000 0.000000 
0.000000 0.000000 0.000000 0.020049 0.000000 0.000000 0.000000 0.914196 0.000000 0.020321 0.000000 0.953283 0.032088 0.000000 
0.000000 0.000000 0.000000 0.000000 0.000000 0.000000 0.000000 0.034394 0.000000 0.000000 0.000000 0.046444 0.000000 0.000000 
0.028163 0.000000 0.000000 0.009953 0.022939 0.000000 0.000000 0.000000 0.020049 0.000000 0.000000 0.000000 0.000000 0.000000 
0.000000 0.000000 0.029117 0.000000 0.000000 0.000000 0.931856 0.000000 0.000000 0.055681 0.000000 0.000000 0.000000 0.000000 
0.000000 0.000000 0.022357 0.000000 0.000000 0.000000 0.000000 0.000000 0.000000 0.000000 0.951899 0.000000 0.000000 0.031334 
0.000000 0.000000 0.000000 0.000000 0.000000 0.000000 0.011140 0.051410 0.000000 0.000000 0.000000 0.000274 0.000000 0.000000 
0.000000 0.000000 0.000000 0.000000 0.000000 0.000000 0.021906 0.000000 0.000000 0.000000 0.000000 0.000000 0.963842 0.000000 
0.000000 0.034868 0.006265 0.000000 0.912595 0.333657 0.000000 0.000000 0.000042 0.003918 0.030722 0.000000 0.000000 0.012704 
0.000049 0.001209 0.018256 0.012179 0.000004 0.205309 0.663450 0.000000 0.074542 0.004292 0.001580 0.002560 0.000000 0.083117 
0.000000 0.003702 0.061436 0.001151 0.077918 0.000015 0.060058 0.025148 0.001184 0.094227 0.001456 0.000784 0.012090 0.005131 
0.008657 0.000000 0.001125 0.065261 0.000000 0.000000 0.077607 0.013475 0.649571 0.000000 0.082178 0.010344 0.004235 0.008901 
0.000000 0.001242 0.006274 0.004735 0.007958 0.000000 0.009042 0.142946 0.075237 0.002552 0.011987 0.039608 0.067135 0.000000 
0.005133 0.005009 0.000000 0.000000 0.040591 0.704198 0.073943 0.019478 0.006016 0.070062 0.000000 0.000017 0.000000 0.661234 
0.000000 0.078575 0.006154 0.000000 0.680607 0.000405 0.012325 0.152131 0.002957 0.663142 0.000000 0.026878 0.001321 0.070389 
0.088467 0.001706 0.000000 0.009156 0.009507 0.000001 0.005579 0.000039 0.079449 0.004962 0.007633 0.115317 0.001304 0.068565 
0.006448 0.013591 0.001270 0.001320 0.069854 0.008660 0.004371 0.509166 0.006221 0.065658 0.002352 0.736481 0.012062 0.009527 
0.009270 0.011869 0.071983 0.057487 0.002450 0.000000 0.072097 0.000000 0.005901 0.000000 0.075307 0.000000 0.013669 0.006342 
0.000000 0.090416 0.670401 0.009530 0.008903 0.000000 0.004139 0.003008 0.001177 0.004170 0.004483 0.002283 0.066689 0.000000 
0.085465 0.000000 0.004920 0.667015 0.000000 0.000000 0.003352 0.000001 0.082209 0.000000 0.648382 0.000032 0.097777 0.000000 
0.009391 0.015851 0.064695 0.087465 0.000000 0.000000 0.000000 0.010590 0.005836 0.002197 0.070288 0.013254 0.647250 0.000000 
0.062255 0.070461 0.005723 0.010358 0.017336 0.000000 0.014037 0.000000 0.000000 0.004867 0.012161 0.001540 0.001328 0.081011 
0.010296 0.621201 0.076482 0.002268 0.078080 0.081412 0.000000 0.040337 0.000000 0.071738 0.000001 0.000022 0.007330 0.000000 
0.645060 0.003243 0.000000 0.062946 0.000000 0.000000 0.000000 0.017029 0.008154 0.000000 0.073414 0.001208 0.004979 0.004438 
0.069507 0.081923 0.011281 0.009132 0.006792 0.000000 0.000000 0.066652 0.001545 0.012132 0.008777 0.049672 0.062831 0.001345 
