9 4 16
0
0.043502 0.005123 0.932869 0.000000 0.000000 0.013415 0.000000 0.000000 0.000000 
0.900158 0.048501 0.000000 0.000635 0.000000 0.000000 0.027493 0.933301 0.009377 
0.029238 0.000000 0.067131 0.000000 0.000000 0.000000 0.000000 0.000000 0.000000 
0.000312 0.000002 0.000000 0.981583 0.000000 0.001267 0.887368 0.004862 0.000000 
0.000000 0.000000 0.000000 0.000000 0.975915 0.001469 0.043350 0.000000 0.000000 
0.023372 0.004285 0.000000 0.000000 0.000000 0.947944 0.037444 0.038969 0.005514 
0.003161 0.529805 0.000000 0.017781 0.024085 0.006296 0.000000 0.000000 0.000000 
0.000257 0.010873 0.000000 0.000000 0.000000 0.012653 0.004346 0.022729 0.009631 
0.000000 0.401410 0.000000 0.000000 0.000000 0.016957 0.000000 0.000140 0.975479 
1
0.950083 0.000049 0.026343 0.000340 0.000001 0.467147 0.000000 0.000923 0.000000 
0.011681 0.965280 0.000000 0.000191 0.000000 0.006729 0.026668 0.019001 0.017809 
0.024480 0.000207 0.973657 0.000000 0.000000 0.000001 0.000000 0.000000 0.000000 
0.000000 0.000000 0.000000 0.991309 0.000000 0.000000 0.015421 0.000000 0.000000 
0.000051 0.000000 0.000000 0.000000 0.992622 0.000000 0.899756 0.000012 0.000000 
0.013704 0.000000 0.000000 0.000000 0.000000 0.044367 0.058155 0.962687 0.406695 
0.000000 0.011391 0.000000 0.008160 0.007377 0.467047 0.000000 0.000115 0.000000 
0.000000 0.012068 0.000000 0.000000 0.000000 0.014703 0.000000 0.015044 0.488855 
0.000000 0.011004 0.000000 0.000000 0.000000 0.000004 0.000000 0.002218 0.086641 
2
0.003978 0.492799 0.034775 0.000096 0.000000 0.016235 0.000000 0.011160 0.000003 
0.014858 0.063214 0.000000 0.000000 0.000000 0.000024 0.947579 0.011567 0.430905 
0.963818 0.000000 0.965225 0.000000 0.000000 0.000636 0.000000 0.000000 0.000000 
0.000000 0.000000 0.000000 0.085025 0.000000 0.000000 0.011361 0.000000 0.000000 
0.000000 0.000000 0.000000 0.000000 0.991147 0.000006 0.016103 0.000000 0.000000 
0.013477 0.000008 0.000000 0.000000 0.000173 0.966691 0.024958 0.000036 0.019658 
0.000000 0.003069 0.000000 0.910604 0.008681 0.009729 0.000000 0.000000 0.000135 
0.003869 0.428500 0.000000 0.004275 0.000000 0.003635 0.000000 0.935264 0.022934 
0.000000 0.012410 0.000000 0.000000 0.000000 0.003044 0.000000 0.041973 0.526365 
3
0.022449 0.004953 0.028012 0.000000 0.000804 0.009976 0.000000 0.000000 0.000000 
0.024182 0.962686 0.000000 0.000495 0.000000 0.000000 0.034542 0.015876 0.003230 
0.036912 0.000000 0.971988 0.000000 0.000000 0.000000 0.000000 0.000000 0.000000 
0.000000 0.000002 0.000000 0.956485 0.000000 0.000000 0.018352 0.003396 0.000000 
0.000000 0.000000 0.000000 0.000000 0.057209 0.000000 0.013378 0.000000 0.000000 
0.898799 0.000000 0.000000 0.000000 0.000000 0.059543 0.909843 0.031943 0.020128 
0.002279 0.006751 0.000000 0.038286 0.941983 0.006248 0.000000 0.000000 0.000012 
0.015380 0.017418 0.000000 0.000000 0.000000 0.497779 0.000068 0.006869 0.014321 
0.000000 0.008189 0.000000 0.004733 0.000004 0.426454 0.023817 0.941916 0.962308 
0.077751 0.006967 0.000734 0.000000 0.002294 0.003175 0.656759 0.086448 0.005832 
0.001389 0.001296 0.000000 0.011872 0.008361 0.084521 0.068036 0.009220 0.027234 
0.646103 0.073938 0.008495 0.004087 0.010463 0.000025 0.083463 0.006766 0.000001 
0.078126 0.007995 0.000000 0.066167 0.070783 0.004252 0.007684 0.000601 0.003721 
0.006942 0.000000 0.005121 0.000000 0.005891 0.062239 0.070722 0.654199 0.005434 
0.003564 0.000000 0.000000 0.001313 0.065093 0.668576 0.011008 0.068533 0.042587 
0.076768 0.008727 0.089243 0.001305 0.080902 0.008371 0.004884 0.066852 0.000002 
0.005414 0.001608 0.006706 0.012306 0.665510 0.067685 0.002376 0.011592 0.006411 
0.006213 0.066745 0.009219 0.012631 0.000000 0.001324 0.072205 0.009051 0.041102 
0.001325 0.006774 0.000000 0.068877 0.002504 0.006136 0.006921 0.001277 0.382265 
0.079690 0.661551 0.086783 0.098601 0.001293 0.000000 0.003717 0.001499 0.003110 
0.006252 0.076861 0.009783 0.646885 0.012365 0.000577 0.000958 0.000058 0.043273 
0.000360 0.009821 0.062178 0.001256 0.001059 0.010453 0.011266 0.075834 0.042759 
0.000000 0.001449 0.010298 0.007361 0.012821 0.074122 0.000000 0.000000 0.347541 
0.009087 0.067472 0.642232 0.005159 0.005720 0.000000 0.000000 0.004416 0.002533 
0.001017 0.008795 0.069208 0.062180 0.054941 0.008544 0.000000 0.003654 0.046194 
