15 4 16
0
0.032459 0.000000 0.000000 0.014440 0.931694 0.000000 0.000000 0.000000 0.000000 0.000000 0.029112 0.000000 0.000000 0.000000 0.000000 
0.000000 0.968334 0.000493 0.000000 0.000000 0.000000 0.000000 0.000000 0.000000 0.000000 0.000000 0.000000 0.000000 0.000000 0.000000 
0.000000 0.026353 0.021231 0.000000 0.000000 0.000000 0.000000 0.012549 0.000000 0.000000 0.027349 0.000000 0.000000 0.000000 0.000000 
0.910867 0.000000 0.000000 0.042811 0.000000 0.018600 0.000000 0.000000 0.000000 0.014767 0.000000 0.000000 0.000000 0.000000 0.000000 
0.026378 0.000000 0.000000 0.000000 0.068306 0.000000 0.000000 0.000000 0.000000 0.000000 0.000000 0.000000 0.000000 0.000000 0.000000 
0.003358 0.000000 0.000000 0.883977 0.000000 0.000000 0.015099 0.000002 0.024102 0.000000 0.000000 0.013492 0.000000 0.000000 0.014226 
0.000000 0.000000 0.000000 0.000000 0.000000 0.038269 0.861907 0.013905 0.000000 0.063018 0.000000 0.325680 0.000000 0.000000 0.000000 
0.000000 0.000100 0.952968 0.000000 0.000000 0.000000 0.000000 0.046325 0.000000 0.000000 0.000000 0.000000 0.019639 0.000000 0.000000 
0.000000 0.000000 0.000000 0.000000 0.000000 0.033558 0.000004 0.000000 0.975891 0.082108 0.000000 0.000473 0.000000 0.250806 0.000000 
0.001068 0.000000 0.000000 0.057939 0.000000 0.000000 0.000416 0.000001 0.000007 0.000000 0.000000 0.000010 0.000000 0.000000 0.000069 
0.021500 0.000000 0.025265 0.000000 0.000000 0.000000 0.000000 0.000000 0.000000 0.000000 0.943533 0.000000 0.000000 0.000000 0.000000 
0.000000 0.000000 0.000000 0.000000 0.000000 0.000039 0.109028 0.000989 0.000000 0.000308 0.000000 0.660328 0.000000 0.000000 0.000000 
0.000000 0.005214 0.000043 0.000000 0.000000 0.000000 0.013545 0.926230 0.000000 0.000000 0.000000 0.000017 0.980361 0.000000 0.000000 
0.004371 0.000000 0.000000 0.000833 0.000000 0.000002 0.000000 0.000000 0.000000 0.000000 0.000000 0.000000 0.000000 0.210701 0.000000 
0.000000 0.000000 0.000000 0.000000 0.000000 0.909533 0.000000 0.000000 0.000000 0.839799 0.000005 0.000000 0.000000 0.538493 0.985705 
1
0.940047 0.000000 0.000000 0.000000 0.026249 0.000000 0.000000 0.000000 0.000000 0.000000 0.943016 0.000000 0.000000 0.572228 0.000000 
0.000000 0.078974 0.009841 0.000000 0.000000 0.000000 0.000000 0.000000 0.000000 0.000000 0.000000 0.008597 0.000000 0.000000 0.000000 
0.000000 0.921026 0.019098 0.000000 0.000000 0.000000 0.000000 0.027859 0.000000 0.000000 0.023443 0.000000 0.000000 0.000000 0.000000 
0.014664 0.000000 0.000000 0.978337 0.000000 0.009323 0.000000 0.000000 0.000000 0.071267 0.000000 0.000000 0.000000 0.000000 0.000012 
0.022214 0.000000 0.000000 0.001193 0.973751 0.000000 0.000000 0.000000 0.000000 0.000000 0.000000 0.000000 0.000000 0.000000 0.000000 
0.000000 0.000000 0.000000 0.018586 0.000000 0.000000 0.266565 0.000000 0.004871 0.000000 0.000000 0.553656 0.000000 0.000000 0.006832 
0.000000 0.000000 0.000000 0.000000 0.000000 0.017989 0.061793 0.000000 0.000000 0.000005 0.000000 0.006845 0.567478 0.000000 0.000000 
0.000000 0.000000 0.017353 0.000000 0.000000 0.000000 0.000023 0.955059 0.000000 0.000000 0.004537 0.008353 0.037156 0.000000 0.000000 
0.000000 0.000000 0.000000 0.000000 0.000000 0.903503 0.000000 0.000000 0.995129 0.903214 0.000000 0.000000 0.000000 0.000000 0.000000 
0.000000 0.000000 0.000000 0.001884 0.000000 0.000000 0.631916 0.000000 0.000000 0.000000 0.000000 0.420500 0.000000 0.000000 0.008325 
0.023075 0.000000 0.946218 0.000000 0.000000 0.000000 0.000000 0.000000 0.000000 0.000000 0.029004 0.000000 0.000001 0.000000 0.000000 
0.000000 0.000000 0.000000 0.000000 0.000000 0.056238 0.019852 0.000000 0.000000 0.000023 0.000000 0.002048 0.338653 0.000000 0.000000 
0.000000 0.000000 0.000000 0.000000 0.000000 0.000000 0.019851 0.017081 0.000000 0.000000 0.000000 0.000000 0.056711 0.000000 0.000000 
0.000000 0.000000 0.007490 0.000000 0.000000 0.000000 0.000000 0.000000 0.000000 0.000000 0.000000 0.000000 0.000000 0.427772 0.000000 
0.000000 0.000000 0.000000 0.000000 0.000000 0.012947 0.000000 0.000000 0.000000 0.025490 0.000000 0.000000 0.000000 0.000000 0.984831 
2
0.004122 0.000000 0.000000 0.934721 0.029918 0.000000 0.000000 0.000000 0.000000 0.000000 0.029241 0.000000 0.000000 0.000000 0.000000 
0.000000 0.971378 0.047767 0.000000 0.000000 0.000000 0.000000 0.005170 0.000000 0.000000 0.000000 0.000000 0.000000 0.000000 0.000000 
0.002402 0.028617 0.934423 0.000000 0.000000 0.000000 0.000000 0.891165 0.000000 0.000000 0.014238 0.000000 0.000049 0.000000 0.000000 
0.028779 0.000000 0.000000 0.049464 0.000000 0.949470 0.000000 0.000000 0.000000 0.954225 0.000000 0.000000 0.000000 0.000000 0.000000 
0.949182 0.000000 0.000000 0.000000 0.970055 0.000000 0.000000 0.000000 0.000000 0.000000 0.000161 0.000000 0.000000 0.000000 0.000000 
0.000000 0.000000 0.000000 0.000018 0.000000 0.000000 0.030322 0.000000 0.003857 0.000000 0.000000 0.002149 0.000000 0.210422 0.548417 
0.000000 0.000000 0.000000 0.000000 0.000000 0.000162 0.428469 0.000000 0.000000 0.003938 0.000000 0.074037 0.029722 0.000000 0.000000 
0.000000 0.000005 0.013845 0.000000 0.000000 0.000000 0.000000 0.077873 0.000000 0.000000 0.000000 0.000000 0.917428 0.000000 0.000000 
0.000000 0.000000 0.000000 0.000000 0.000000 0.000004 0.000000 0.000000 0.992060 0.041695 0.000000 0.000000 0.000000 0.000000 0.000000 
0.000000 0.000000 0.000000 0.015154 0.000003 0.000000 0.000001 0.000000 0.000003 0.000000 0.000000 0.000005 0.000000 0.001125 0.357256 
0.015515 0.000000 0.003965 0.000643 0.000023 0.000000 0.000000 0.000000 0.000000 0.000000 0.956360 0.000000 0.000000 0.000000 0.000000 
0.000000 0.000000 0.000000 0.000000 0.000000 0.034672 0.510405 0.000000 0.000000 0.000137 0.000000 0.923809 0.005857 0.000000 0.000000 
0.000000 0.000000 0.000000 0.000000 0.000000 0.000000 0.030803 0.025791 0.000000 0.000000 0.000000 0.000000 0.046945 0.000000 0.000000 
0.000000 0.000000 0.000000 0.000000 0.000000 0.005578 0.000000 0.000000 0.004080 0.000000 0.000000 0.000000 0.000000 0.788453 0.019326 
0.000000 0.000000 0.000000 0.000000 0.000000 0.010114 0.000000 0.000000 0.000000 0.000005 0.000000 0.000000 0.000000 0.000000 0.075001 
3
0.023547 0.000000 0.000000 0.009677 0.028894 0.000000 0.000000 0.000000 0.000000 0.000000 0.022295 0.000000 0.000000 0.000000 0.000000 
0.000000 0.963297 0.935455 0.000000 0.000000 0.000000 0.000000 0.000000 0.000000 0.000000 0.000000 0.000000 0.000000 0.000000 0.000000 
0.010335 0.036074 0.018853 0.000000 0.000000 0.000000 0.000014 0.031960 0.000000 0.000000 0.899721 0.009831 0.000309 0.485675 0.000000 
0.018110 0.000000 0.000000 0.965705 0.000002 0.011693 0.000000 0.000000 0.000000 0.072972 0.000000 0.000000 0.000000 0.000000 0.000002 
0.038437 0.000000 0.000000 0.000000 0.971096 0.000000 0.000000 0.000000 0.000000 0.000000 0.000000 0.000000 0.000000 0.000000 0.000000 
0.000000 0.000000 0.000000 0.019848 0.000000 0.000000 0.037389 0.000000 0.932010 0.000000 0.000000 0.000003 0.006269 0.000000 0.032010 
0.000000 0.000000 0.000000 0.000000 0.000000 0.883645 0.007384 0.000000 0.000000 0.154417 0.000000 0.012756 0.001429 0.000000 0.000000 
0.000000 0.000000 0.029064 0.000000 0.000000 0.000000 0.000000 0.951590 0.000000 0.000000 0.000000 0.000000 0.022281 0.000000 0.000000 
0.000000 0.000000 0.000000 0.000000 0.000000 0.016651 0.000000 0.000000 0.056173 0.000000 0.000000 0.000000 0.000000 0.000000 0.000000 
0.000000 0.000000 0.000000 0.000019 0.000000 0.000000 0.000000 0.000000 0.011815 0.000000 0.000000 0.000000 0.000000 0.000000 0.000002 
0.909569 0.000628 0.012763 0.004751 0.000000 0.000000 0.000000 0.000000 0.000000 0.000000 0.077984 0.000000 0.000000 0.514325 0.000000 
0.000000 0.000000 0.000000 0.000000 0.000000 0.053074 0.012969 0.000000 0.000000 0.772500 0.000000 0.084729 0.025242 0.000000 0.000000 
0.000000 0.000000 0.003865 0.000000 0.000000 0.006003 0.942243 0.016450 0.000000 0.000111 0.000000 0.892681 0.944470 0.000000 0.005280 
0.000001 0.000000 0.000000 0.000000 0.000008 0.000000 0.000000 0.000000 0.000002 0.000000 0.000000 0.000000 0.000000 0.000000 0.000000 
0.000000 0.000000 0.000000 0.000000 0.000000 0.028934 0.000000 0.000000 0.000000 0.000000 0.000000 0.000000 0.000000 0.000000 0.962706 
0.074661 0.001170 0.086755 0.012207 0.000120 0.649485 0.006689 0.001715 0.001858 0.713522 0.003346 0.000190 0.017951 0.000003 0.000000 
0.001179 0.003717 0.005166 0.001138 0.000000 0.065501 0.080319 0.001444 0.008382 0.048230 0.075281 0.111991 0.061920 0.000000 0.011920 
0.651261 0.000000 0.008763 0.066224 0.007128 0.090059 0.000000 0.082471 0.011523 0.040354 0.000000 0.000000 0.001121 0.000000 0.004141 
0.073356 0.001221 0.000000 0.003586 0.000000 0.006508 0.002609 0.011970 0.067951 0.008988 0.004783 0.002437 0.006316 0.817345 0.064716 
0.006020 0.005750 0.661787 0.000000 0.005154 0.077751 0.039179 0.000000 0.005917 0.067859 0.056574 0.107430 0.000000 0.000000 0.000000 
0.003595 0.078658 0.069067 0.000000 0.000000 0.012404 0.690856 0.000000 0.063634 0.008412 0.667104 0.623758 0.006191 0.081235 0.001319 
0.079628 0.001471 0.067493 0.009103 0.088588 0.004806 0.008834 0.007488 0.081640 0.007600 0.009588 0.000014 0.000000 0.000000 0.001303 
0.006710 0.013434 0.009396 0.001290 0.006492 0.000004 0.037527 0.002347 0.670214 0.011627 0.069139 0.102341 0.001276 0.000000 0.012442 
0.005913 0.011868 0.006214 0.057504 0.009255 0.078248 0.000000 0.075886 0.000000 0.053877 0.002396 0.000000 0.071825 0.000000 0.013634 
0.001178 0.091367 0.000000 0.009544 0.000000 0.002620 0.006460 0.005269 0.002527 0.009265 0.008725 0.002371 0.671495 0.000000 0.066815 
0.080424 0.000000 0.000000 0.668410 0.085274 0.003163 0.000000 0.646991 0.001305 0.003044 0.000000 0.000000 0.004904 0.000000 0.098651 
0.005364 0.015620 0.000000 0.086557 0.009411 0.000000 0.005713 0.069579 0.012599 0.000000 0.000000 0.000000 0.064749 0.101417 0.648437 
0.000000 0.070231 0.079887 0.010376 0.062419 0.009451 0.006476 0.012037 0.001069 0.027222 0.016751 0.002759 0.005746 0.000000 0.001326 
0.000000 0.620031 0.000000 0.002547 0.010317 0.000000 0.100971 0.000963 0.011219 0.000000 0.079858 0.036311 0.075340 0.000000 0.007361 
0.009156 0.003654 0.004153 0.062459 0.646041 0.000000 0.000000 0.073001 0.005709 0.000000 0.000000 0.000000 0.000000 0.000000 0.004998 
0.001555 0.081809 0.001319 0.009054 0.069801 0.000000 0.014367 0.008839 0.054453 0.000000 0.006456 0.010398 0.011165 0.000000 0.062935 
