6 4 16
0
0.928242 0.001903 0.000000 0.000501 0.000001 0.003592 
0.000000 0.089981 0.000000 0.445798 0.440319 0.000000 
0.000000 0.000001 0.971779 0.022398 0.497315 0.000000 
0.071115 0.286033 0.005824 0.503816 0.000007 0.007649 
0.000000 0.622078 0.022397 0.000000 0.002950 0.023900 
0.000642 0.000004 0.000000 0.027487 0.059408 0.964859 
1
0.074977 0.000000 0.000000 0.016235 0.000000 0.000000 
0.000000 0.961046 0.010824 0.030536 0.048529 0.008810 
0.000000 0.002941 0.972207 0.000031 0.010316 0.000000 
0.892039 0.013373 0.005899 0.015293 0.000000 0.000141 
0.009019 0.022640 0.011070 0.000025 0.447114 0.610285 
0.023965 0.000000 0.000000 0.937880 0.494042 0.380764 
2
0.963900 0.000000 0.000000 0.017646 0.000000 0.000004 
0.019769 0.463680 0.000000 0.430012 0.943857 0.003335 
0.000173 0.000000 0.063828 0.004731 0.020254 0.000024 
0.014373 0.263514 0.015936 0.524657 0.004370 0.006062 
0.001784 0.272803 0.920236 0.003524 0.000254 0.023233 
0.000001 0.000003 0.000000 0.019429 0.031264 0.967342 
3
0.967855 0.005730 0.000000 0.474001 0.004852 0.006026 
0.000000 0.966248 0.012204 0.003408 0.039495 0.000000 
0.000000 0.002617 0.942582 0.000003 0.013836 0.000000 
0.032013 0.011436 0.012864 0.496120 0.017180 0.667988 
0.000000 0.011817 0.032350 0.000000 0.019429 0.269290 
0.000132 0.002153 0.000000 0.026469 0.905209 0.056696 
0.001936 0.004639 0.000853 0.061482 0.364033 0.002601 
0.003889 0.001173 0.012697 0.029496 0.031708 0.061002 
0.000000 0.057587 0.007305 0.004006 0.379451 0.002460 
0.000000 0.002926 0.061056 0.005614 0.047929 0.026552 
0.010287 0.003281 0.000000 0.339710 0.032426 0.044981 
0.083932 0.000005 0.001262 0.041333 0.005708 0.465745 
0.000000 0.039368 0.001494 0.030631 0.049616 0.031059 
0.013435 0.004345 0.011818 0.000003 0.008776 0.270925 
0.011073 0.041052 0.021412 0.047159 0.035158 0.000023 
0.101270 0.004408 0.066249 0.323015 0.000170 0.004304 
0.000004 0.449060 0.131652 0.004736 0.030598 0.000443 
0.015623 0.042020 0.617289 0.035072 0.002669 0.004515 
0.063943 0.029522 0.000361 0.048813 0.006630 0.006206 
0.611370 0.006475 0.007439 0.027368 0.000042 0.052442 
0.002870 0.280760 0.003229 0.000001 0.005075 0.001625 
0.080368 0.033380 0.055884 0.001560 0.000011 0.025115 
