12 4 16
0
0.956061 0.000008 0.002313 0.000000 0.000000 0.000000 0.000000 0.000000 0.000000 0.000000 0.000000 0.000000 
0.011844 0.963118 0.027903 0.000000 0.000000 0.000000 0.013371 0.000000 0.000000 0.024776 0.042058 0.000000 
0.026605 0.014202 0.021332 0.000000 0.000000 0.000000 0.013011 0.000000 0.000000 0.000000 0.000000 0.000263 
0.000000 0.000000 0.000000 0.073941 0.000000 0.000000 0.000000 0.000000 0.023301 0.000004 0.000000 0.000000 
0.005481 0.002769 0.002365 0.000000 0.981093 0.000000 0.926799 0.000000 0.000000 0.000000 0.000000 0.000000 
0.000000 0.001244 0.000000 0.000000 0.000000 0.976150 0.000000 0.000000 0.000000 0.000000 0.043291 0.000000 
0.000009 0.000000 0.946088 0.000000 0.018906 0.000000 0.046579 0.000001 0.000000 0.000000 0.000004 0.000000 
0.000000 0.000752 0.000000 0.000000 0.000000 0.000000 0.000000 0.981607 0.000000 0.000000 0.888300 0.000000 
0.000000 0.000000 0.000000 0.002339 0.000000 0.000000 0.000000 0.000000 0.033975 0.025988 0.000000 0.000000 
0.000000 0.011695 0.000000 0.923720 0.000001 0.000000 0.000000 0.000000 0.942724 0.043550 0.000000 0.021227 
0.000000 0.006212 0.000000 0.000000 0.000000 0.023850 0.000240 0.018393 0.000000 0.005681 0.000000 0.936479 
0.000000 0.000000 0.000000 0.000000 0.000000 0.000000 0.000000 0.000000 0.000000 0.900001 0.026347 0.042031 
1
0.079471 0.003328 0.012579 0.000000 0.000000 0.000000 0.000000 0.000000 0.000000 0.000000 0.000000 0.000000 
0.000022 0.043219 0.953413 0.000000 0.887578 0.000000 0.000000 0.000000 0.000000 0.020323 0.063752 0.000000 
0.920502 0.000333 0.018169 0.000000 0.000000 0.000000 0.026728 0.000000 0.000000 0.000000 0.000000 0.000000 
0.000000 0.000000 0.000000 0.243450 0.000000 0.000000 0.000000 0.000000 0.796911 0.000003 0.000000 0.000366 
0.000006 0.000000 0.000000 0.000000 0.076005 0.000000 0.022985 0.000000 0.000000 0.000000 0.000000 0.000000 
0.000000 0.000000 0.000000 0.000000 0.000000 0.994919 0.000000 0.000000 0.000000 0.000000 0.896907 0.000000 
0.000000 0.006117 0.015788 0.000000 0.036416 0.000000 0.950287 0.000000 0.000000 0.000000 0.000000 0.000000 
0.000000 0.000000 0.000000 0.000000 0.000000 0.000000 0.000000 0.990741 0.000000 0.000000 0.015392 0.000000 
0.000000 0.000000 0.000000 0.756358 0.000000 0.000000 0.000000 0.000000 0.136266 0.025836 0.000000 0.001804 
0.000000 0.468701 0.000051 0.000192 0.000000 0.000000 0.000000 0.000000 0.066823 0.939671 0.000000 0.004842 
0.000000 0.478303 0.000000 0.000000 0.000000 0.005081 0.000000 0.007423 0.000000 0.000000 0.000000 0.020584 
0.000000 0.000000 0.000000 0.000000 0.000000 0.000000 0.000000 0.001836 0.000000 0.014167 0.023949 0.972404 
2
0.971905 0.000006 0.047354 0.000000 0.000000 0.000000 0.005176 0.000000 0.000000 0.000000 0.000000 0.000000 
0.000000 0.961327 0.002665 0.001693 0.033995 0.000000 0.000000 0.000000 0.000000 0.016607 0.024409 0.000006 
0.028095 0.005331 0.935949 0.000000 0.000807 0.000000 0.891728 0.000018 0.000000 0.000268 0.000000 0.000000 
0.000000 0.000000 0.000000 0.980759 0.000000 0.000000 0.000000 0.000000 0.726668 0.636705 0.000000 0.000004 
0.000000 0.007277 0.000000 0.000000 0.047436 0.000000 0.025575 0.000000 0.000000 0.000000 0.000000 0.000000 
0.000000 0.000000 0.000000 0.000000 0.000000 0.991453 0.000000 0.000000 0.000000 0.000000 0.016665 0.000000 
0.000000 0.000000 0.014033 0.000000 0.917763 0.000000 0.077518 0.000000 0.000000 0.000000 0.000000 0.000000 
0.000000 0.000000 0.000000 0.000000 0.000000 0.000000 0.000000 0.088481 0.000000 0.000000 0.007680 0.000000 
0.000000 0.002664 0.000000 0.017539 0.000000 0.000000 0.000000 0.000000 0.174702 0.321733 0.000000 0.000003 
0.000000 0.011293 0.000000 0.000010 0.000000 0.000000 0.000000 0.000000 0.098622 0.008152 0.000000 0.937367 
0.000000 0.012099 0.000000 0.000000 0.000000 0.008547 0.000002 0.911501 0.000000 0.000000 0.000000 0.015619 
0.000000 0.000002 0.000000 0.000000 0.000000 0.000000 0.000000 0.000000 0.000007 0.016535 0.951245 0.047001 
3
0.963702 0.000003 0.932943 0.000000 0.000000 0.000000 0.000000 0.000000 0.000000 0.001833 0.005176 0.000319 
0.000963 0.059499 0.006900 0.000000 0.025776 0.000000 0.000000 0.000000 0.000000 0.897523 0.923049 0.002631 
0.035334 0.485425 0.020581 0.000000 0.013140 0.000000 0.030386 0.000000 0.000000 0.015948 0.000000 0.000000 
0.000000 0.000000 0.000000 0.133701 0.000000 0.000000 0.000000 0.000000 0.959852 0.000797 0.000000 0.000000 
0.000000 0.434141 0.010529 0.000000 0.940477 0.000000 0.016337 0.005295 0.000000 0.000000 0.012073 0.000440 
0.000000 0.000000 0.000000 0.000000 0.000000 0.058052 0.000000 0.000000 0.000000 0.000000 0.012378 0.000000 
0.000000 0.000000 0.029044 0.000000 0.020606 0.000000 0.953276 0.000000 0.000000 0.000000 0.000002 0.000000 
0.000000 0.000000 0.000004 0.000000 0.000000 0.000000 0.000000 0.961936 0.000000 0.000000 0.021721 0.000000 
0.000000 0.000000 0.000000 0.838199 0.000000 0.000000 0.000000 0.000000 0.021421 0.039330 0.000000 0.000000 
0.000000 0.011875 0.000000 0.028100 0.000000 0.000000 0.000000 0.000000 0.018726 0.023013 0.000000 0.009401 
0.000000 0.009057 0.000000 0.000000 0.000000 0.941948 0.000000 0.031678 0.000000 0.002364 0.000000 0.020490 
0.000000 0.000000 0.000000 0.000000 0.000000 0.000000 0.000000 0.001090 0.000001 0.019191 0.025602 0.966718 
0.001124 0.003544 0.086921 0.000576 0.017175 0.002351 0.001449 0.000000 0.000001 0.073485 0.663348 0.012345 
0.003832 0.084816 0.005779 0.000000 0.061807 0.008228 0.001533 0.012107 0.000000 0.001226 0.060559 0.001150 
0.000000 0.000054 0.008747 0.005358 0.001156 0.010582 0.083057 0.004139 0.013040 0.648437 0.082441 0.062644 
0.001219 0.004898 0.000000 0.000000 0.005995 0.070027 0.012193 0.066810 0.000000 0.078314 0.007177 0.004751 
0.005951 0.062932 0.661188 0.005959 0.000011 0.005885 0.000000 0.000000 0.003814 0.006484 0.074376 0.000000 
0.080674 0.667975 0.068353 0.000000 0.007568 0.064413 0.000000 0.001327 0.000000 0.003827 0.011286 0.000000 
0.001839 0.007117 0.067341 0.064334 0.000000 0.081137 0.007498 0.001313 0.130567 0.076761 0.006509 0.008716 
0.013738 0.067034 0.009136 0.000000 0.001443 0.667783 0.002374 0.012228 0.017719 0.006821 0.002487 0.001390 
0.011744 0.001357 0.006673 0.012686 0.070851 0.000000 0.075198 0.012633 0.003022 0.006266 0.071430 0.059377 
0.088453 0.006761 0.000000 0.000000 0.669296 0.002505 0.004108 0.066941 0.000000 0.001200 0.004116 0.009576 
0.000000 0.000000 0.000002 0.090502 0.005020 0.001302 0.647922 0.097806 0.075649 0.081355 0.002243 0.669401 
0.016720 0.000681 0.000000 0.012523 0.064589 0.012542 0.069938 0.649022 0.006072 0.005517 0.000000 0.087580 
0.070994 0.009384 0.080399 0.037410 0.005552 0.001059 0.012325 0.001194 0.104278 0.000001 0.014010 0.010480 
0.618752 0.073948 0.000000 0.016254 0.078165 0.011743 0.000496 0.007322 0.000685 0.000000 0.000017 0.002484 
0.003667 0.000000 0.004112 0.663088 0.000000 0.005718 0.073038 0.005078 0.610869 0.009027 0.000000 0.060914 
0.081292 0.009499 0.001348 0.091311 0.011373 0.054727 0.008870 0.062081 0.034283 0.001279 0.000000 0.009191 
