13 4 16
0
0.968875 0.000000 0.000000 0.000750 0.000000 0.000000 0.000000 0.000000 0.000000 0.000000 0.000000 0.000000 0.000000 
0.000000 0.001039 0.000007 0.000000 0.000000 0.001544 0.000000 0.000000 0.000001 0.000000 0.000000 0.000000 0.000000 
0.000000 0.776310 0.045331 0.000000 0.035541 0.010955 0.000000 0.005572 0.000000 0.942147 0.000000 0.000000 0.000000 
0.025301 0.000000 0.000000 0.021531 0.000000 0.013969 0.000000 0.000021 0.000000 0.000000 0.000000 0.011755 0.000000 
0.000000 0.000000 0.605662 0.000000 0.000000 0.000000 0.000000 0.074179 0.000000 0.000000 0.019710 0.000000 0.000000 
0.000013 0.000000 0.025170 0.028402 0.000000 0.964333 0.000000 0.000000 0.004674 0.000000 0.042047 0.012592 0.000000 
0.000000 0.000000 0.000000 0.000000 0.000000 0.000003 0.976181 0.000000 0.000000 0.000000 0.043131 0.000000 0.000000 
0.000000 0.000000 0.295158 0.000000 0.000000 0.000000 0.000000 0.002961 0.000000 0.000000 0.009058 0.000000 0.000000 
0.005399 0.000000 0.000000 0.000193 0.000000 0.002942 0.000000 0.000000 0.976303 0.000000 0.000000 0.928898 0.000000 
0.000000 0.222650 0.024042 0.000000 0.000000 0.000000 0.000000 0.000000 0.000000 0.057853 0.000000 0.000000 0.000000 
0.000000 0.000000 0.004629 0.000000 0.964458 0.006250 0.023819 0.917266 0.000000 0.000000 0.000000 0.000018 0.017771 
0.000412 0.000000 0.000000 0.949124 0.000000 0.000000 0.000000 0.000000 0.019023 0.000000 0.000000 0.046737 0.000361 
0.000000 0.000000 0.000000 0.000000 0.000000 0.000004 0.000000 0.000000 0.000000 0.000000 0.886054 0.000000 0.981868 
1
0.079723 0.000000 0.000000 0.012206 0.000000 0.001169 0.000000 0.000000 0.000000 0.000000 0.000000 0.000000 0.000000 
0.000000 0.000004 0.000789 0.000000 0.000000 0.000000 0.000000 0.000000 0.000000 0.000000 0.000000 0.000000 0.000000 
0.000000 0.000097 0.940698 0.000000 0.012194 0.465349 0.000000 0.000000 0.000000 0.028353 0.000000 0.000000 0.000000 
0.920272 0.000000 0.000000 0.017258 0.000000 0.004901 0.000000 0.000000 0.000000 0.000000 0.000000 0.027602 0.000000 
0.000000 0.000000 0.016776 0.000000 0.652701 0.000000 0.000000 0.003356 0.000000 0.000000 0.000020 0.000000 0.000001 
0.000005 0.000000 0.019888 0.955106 0.000000 0.044376 0.000000 0.000000 0.890573 0.000000 0.059869 0.000000 0.000000 
0.000000 0.000000 0.000000 0.000000 0.000000 0.000000 0.994902 0.000000 0.000000 0.000000 0.900716 0.000000 0.000000 
0.000000 0.000000 0.000021 0.000000 0.273737 0.000000 0.000000 0.995947 0.000000 0.000000 0.023895 0.000000 0.001488 
0.000000 0.000000 0.000000 0.000000 0.000000 0.001618 0.000000 0.000000 0.073228 0.000000 0.000000 0.017472 0.000000 
0.000000 0.999899 0.021829 0.000000 0.016138 0.000000 0.000000 0.000000 0.000000 0.971647 0.000000 0.000000 0.000000 
0.000000 0.000000 0.000000 0.000000 0.045230 0.474035 0.005097 0.000697 0.000000 0.000000 0.000000 0.000000 0.007538 
0.000000 0.000000 0.000000 0.015430 0.000000 0.008552 0.000000 0.000000 0.036199 0.000000 0.000000 0.954926 0.000000 
0.000000 0.000000 0.000000 0.000000 0.000000 0.000000 0.000000 0.000000 0.000000 0.000000 0.015499 0.000000 0.990973 
2
0.971541 0.000000 0.000000 0.049144 0.000000 0.000000 0.000000 0.000000 0.000000 0.000000 0.000000 0.000002 0.000000 
0.000000 0.000000 0.111849 0.000000 0.000000 0.001894 0.000000 0.000000 0.000000 0.002883 0.000000 0.005076 0.000000 
0.000000 0.000000 0.001934 0.000000 0.949863 0.012346 0.000000 0.917683 0.000000 0.034555 0.000001 0.000000 0.000000 
0.028459 0.000000 0.000002 0.934118 0.000000 0.004679 0.000000 0.000000 0.000346 0.000000 0.000000 0.891822 0.000179 
0.000000 0.000000 0.020599 0.000000 0.022651 0.000000 0.000000 0.001992 0.000000 0.000000 0.346413 0.000000 0.000000 
0.000000 0.000000 0.014257 0.002654 0.000000 0.961043 0.000000 0.000001 0.034209 0.000340 0.024717 0.000000 0.000000 
0.000000 0.000000 0.000000 0.000000 0.000000 0.000000 0.991476 0.000000 0.000000 0.000000 0.016724 0.000000 0.000000 
0.000000 0.000000 0.000002 0.000000 0.000127 0.000000 0.000000 0.074131 0.000000 0.000000 0.603408 0.000000 0.000000 
0.000000 0.000000 0.000000 0.000000 0.000000 0.007360 0.000000 0.000000 0.047156 0.000000 0.000000 0.025696 0.000000 
0.000000 1.000000 0.851357 0.000000 0.000075 0.000001 0.000000 0.000000 0.000000 0.962222 0.000000 0.000000 0.000000 
0.000000 0.000000 0.000000 0.000000 0.027284 0.012678 0.008524 0.006193 0.000000 0.000000 0.000000 0.000000 0.911126 
0.000000 0.000000 0.000000 0.014084 0.000000 0.000000 0.000000 0.000000 0.918288 0.000000 0.000000 0.077404 0.000000 
0.000000 0.000000 0.000000 0.000000 0.000000 0.000000 0.000000 0.000000 0.000000 0.000000 0.008737 0.000000 0.088695 
3
0.959635 0.000000 0.000000 0.932922 0.000004 0.000000 0.000000 0.003492 0.000000 0.000000 0.004181 0.000000 0.000000 
0.000000 0.230903 0.000040 0.000000 0.000000 0.000000 0.000000 0.000000 0.000000 0.047366 0.000000 0.000000 0.000000 
0.000000 0.010834 0.025272 0.000000 0.015320 0.011939 0.000000 0.002507 0.000000 0.027223 0.000000 0.000000 0.000000 
0.034809 0.000000 0.015068 0.020816 0.000000 0.485786 0.000000 0.000000 0.000271 0.000000 0.000000 0.031847 0.000000 
0.000000 0.000004 0.013713 0.000000 0.813171 0.000000 0.000000 0.200505 0.000000 0.000001 0.014638 0.000000 0.000000 
0.005556 0.000000 0.899851 0.010662 0.000000 0.058000 0.000000 0.003759 0.026834 0.000000 0.928040 0.000000 0.000000 
0.000000 0.000000 0.000000 0.000000 0.000000 0.000000 0.058247 0.000000 0.000000 0.000000 0.012273 0.000000 0.000000 
0.000000 0.000000 0.003446 0.000000 0.171504 0.000000 0.000000 0.750826 0.000000 0.000000 0.011387 0.000000 0.000759 
0.000000 0.056892 0.000000 0.004255 0.000000 0.435077 0.000000 0.000001 0.951607 0.000000 0.010191 0.017413 0.004876 
0.000000 0.701367 0.040555 0.000000 0.000000 0.000000 0.000000 0.000000 0.000000 0.925410 0.000000 0.000000 0.000000 
0.000000 0.000000 0.002054 0.000000 0.000000 0.009197 0.941753 0.038911 0.000000 0.000000 0.000000 0.000000 0.032656 
0.000000 0.000000 0.000000 0.029139 0.000000 0.000000 0.000000 0.000000 0.021289 0.000000 0.000000 0.950739 0.000000 
0.000000 0.000000 0.000000 0.002206 0.000000 0.000000 0.000000 0.000000 0.000000 0.000000 0.019290 0.000000 0.961709 
0.001219 0.000012 0.072482 0.087697 0.010673 0.003596 0.002365 0.013008 0.017170 0.000893 0.663477 0.001695 0.000000 
0.003861 0.000000 0.001227 0.005802 0.000000 0.084593 0.008231 0.002309 0.061699 0.000000 0.060552 0.001522 0.012110 
0.000000 0.136895 0.647317 0.008799 0.046740 0.000001 0.010590 0.077766 0.001142 0.003430 0.082484 0.082836 0.004144 
0.001224 0.000000 0.078122 0.000000 0.000000 0.004943 0.070072 0.009526 0.005900 0.000000 0.007069 0.012137 0.066865 
0.006147 0.134300 0.006326 0.660435 0.000000 0.062752 0.005880 0.000000 0.002229 0.000000 0.074227 0.000000 0.000000 
0.078130 0.000000 0.004291 0.068762 0.000000 0.666936 0.064427 0.000000 0.007808 0.000000 0.011252 0.000000 0.001324 
0.001760 0.086896 0.077780 0.067580 0.006034 0.007103 0.081152 0.010904 0.000000 0.088840 0.006836 0.007463 0.001313 
0.013377 0.012555 0.006912 0.009256 0.000000 0.067058 0.668246 0.002874 0.001459 0.006414 0.002422 0.002364 0.012249 
0.011929 0.006433 0.006268 0.005310 0.039071 0.001366 0.000000 0.078212 0.070588 0.008974 0.071132 0.076766 0.012687 
0.090743 0.000000 0.001199 0.000000 0.000064 0.006706 0.002505 0.018027 0.667326 0.000000 0.004106 0.004765 0.067079 
0.000000 0.003495 0.081310 0.000003 0.636655 0.000000 0.001300 0.698193 0.004971 0.087709 0.002449 0.645195 0.097782 
0.015305 0.065314 0.005736 0.000000 0.100622 0.000721 0.012544 0.076520 0.065773 0.007355 0.000000 0.069769 0.649202 
0.070819 0.180726 0.000000 0.080880 0.021177 0.009544 0.001063 0.001065 0.005778 0.057278 0.013994 0.012494 0.001113 
0.621310 0.251666 0.000000 0.000000 0.000000 0.074723 0.011744 0.004782 0.076794 0.001002 0.000000 0.001098 0.007321 
0.002469 0.117169 0.010082 0.004159 0.127097 0.000000 0.005724 0.000767 0.000000 0.665248 0.000000 0.072789 0.005048 
0.081706 0.004540 0.000948 0.001316 0.011867 0.009957 0.054157 0.006047 0.011364 0.072858 0.000000 0.009109 0.061763 
