7 4 16
0
0.086780 0.024989 0.000000 0.000000 0.000000 0.000000 0.000000 
0.913131 0.026740 0.000000 0.022162 0.000000 0.331480 0.000000 
0.000089 0.000000 0.965886 0.019273 0.000000 0.410363 0.000001 
0.000000 0.032051 0.007284 0.943093 0.000000 0.000026 0.041094 
0.000000 0.078390 0.000000 0.000000 0.951037 0.126268 0.000025 
0.000001 0.837109 0.018575 0.000000 0.048963 0.105077 0.937493 
0.000000 0.000722 0.008255 0.015472 0.000000 0.026784 0.021388 
1
0.967666 0.019644 0.000000 0.000000 0.000000 0.000006 0.000000 
0.032334 0.539324 0.000000 0.902205 0.000000 0.008838 0.009448 
0.000000 0.000000 0.093269 0.000265 0.000001 0.010301 0.001258 
0.000000 0.031277 0.391376 0.044912 0.003118 0.000000 0.950899 
0.000000 0.409619 0.000325 0.013983 0.996881 0.010222 0.009812 
0.000000 0.000136 0.018764 0.007543 0.000000 0.960774 0.013913 
0.000000 0.000000 0.496266 0.031093 0.000000 0.009858 0.014669 
2
0.962334 0.577029 0.000000 0.000000 0.000000 0.000026 0.000000 
0.037666 0.000107 0.000002 0.026458 0.133962 0.568477 0.010671 
0.000000 0.000000 0.505642 0.000001 0.000000 0.007572 0.035677 
0.000000 0.017900 0.018710 0.966642 0.000000 0.000000 0.014166 
0.000000 0.000000 0.000000 0.000007 0.833699 0.000000 0.000000 
0.000000 0.404941 0.455169 0.000583 0.032337 0.053859 0.035625 
0.000000 0.000022 0.020477 0.006310 0.000001 0.370066 0.903860 
3
0.975270 0.018814 0.000000 0.000000 0.000000 0.000000 0.000000 
0.024730 0.016023 0.000000 0.006540 0.541859 0.001567 0.000000 
0.000000 0.000000 0.956705 0.420200 0.000000 0.011565 0.933331 
0.000000 0.924688 0.020025 0.059166 0.000135 0.000001 0.044497 
0.000000 0.000000 0.004098 0.000063 0.398050 0.000346 0.003514 
0.000000 0.028206 0.006969 0.000000 0.049292 0.970167 0.015188 
0.000000 0.012268 0.012202 0.514031 0.010664 0.016354 0.003470 
0.000000 0.341078 0.010618 0.000327 0.046300 0.008058 0.095172 
0.000000 0.025059 0.031738 0.082916 0.019776 0.003112 0.008188 
0.014532 0.407404 0.000000 0.000130 0.008370 0.061708 0.007135 
0.000000 0.051233 0.003286 0.004834 0.071399 0.013741 0.000001 
0.004814 0.030646 0.006297 0.060249 0.006771 0.000000 0.640415 
0.000000 0.004445 0.043013 0.670825 0.041881 0.000000 0.071410 
0.087872 0.044360 0.000000 0.009159 0.051129 0.006644 0.064265 
0.006999 0.003795 0.005927 0.069805 0.425433 0.000000 0.010271 
0.010303 0.031768 0.044731 0.001367 0.005765 0.059657 0.009755 
0.000000 0.002625 0.375770 0.005214 0.019769 0.018447 0.004602 
0.113562 0.048368 0.002607 0.000011 0.009685 0.574334 0.000000 
0.011411 0.003684 0.044238 0.000000 0.219083 0.179768 0.000000 
0.059472 0.000044 0.042666 0.011195 0.000000 0.007983 0.081057 
0.009717 0.000000 0.340162 0.075135 0.009760 0.001680 0.000040 
0.613919 0.004927 0.002199 0.000001 0.004614 0.052647 0.004237 
0.067400 0.000564 0.046748 0.008832 0.060265 0.012221 0.003454 
