4 4 16
0
0.295829 0.043525 0.952541 0.000000 
0.212254 0.937198 0.000002 0.011131 
0.491917 0.000000 0.000422 0.034201 
0.000000 0.019277 0.047034 0.954668 
1
0.968037 0.015237 0.053647 0.007035 
0.006397 0.107078 0.000000 0.000000 
0.025567 0.353493 0.272752 0.621912 
0.000000 0.524192 0.673601 0.371053 
2
0.343407 0.439101 0.663322 0.000001 
0.001224 0.513134 0.010133 0.000463 
0.655369 0.026372 0.294365 0.039382 
0.000000 0.021393 0.032181 0.960154 
3
0.967363 0.000193 0.036413 0.000000 
0.008046 0.971637 0.248106 0.366121 
0.024591 0.000000 0.013215 0.569725 
0.000000 0.028169 0.702266 0.064154 
0.005185 0.007940 0.283954 0.001032 
0.003409 0.028609 0.026186 0.056485 
0.046826 0.000000 0.254615 0.004572 
0.017756 0.001501 0.033827 0.026552 
0.002885 0.025521 0.236546 0.051334 
0.001115 0.042531 0.016698 0.456181 
0.026598 0.000051 0.057051 0.032343 
0.005290 0.000016 0.006426 0.262730 
0.037840 0.045943 0.027189 0.000000 
0.016982 0.384519 0.000306 0.002995 
0.376211 0.004128 0.018431 0.000460 
0.183855 0.049406 0.004730 0.004178 
0.022395 0.045947 0.026668 0.008539 
0.004358 0.322881 0.000000 0.063231 
0.211487 0.001243 0.007171 0.001776 
0.037809 0.039764 0.000204 0.027590 
