3 4 16
0
0.956844 0.000071 0.052263 
0.000001 0.286306 0.899624 
0.043155 0.713622 0.048114 
1
0.345705 0.000053 0.735597 
0.007892 0.968494 0.046446 
0.646403 0.031453 0.217957 
2
0.961715 0.000005 0.028226 
0.000000 0.373553 0.701271 
0.038285 0.626442 0.270503 
3
0.287165 0.014312 0.861707 
0.000000 0.955059 0.039347 
0.712835 0.030630 0.098946 
0.000794 0.004373 0.227233 
0.047790 0.005052 0.027818 
0.003130 0.043291 0.201564 
0.019764 0.017292 0.027425 
0.038637 0.002801 0.199456 
0.362238 0.001853 0.013859 
0.024038 0.026169 0.044489 
0.197189 0.005103 0.005703 
0.005979 0.040849 0.033918 
0.046228 0.037465 0.134842 
0.002653 0.363078 0.011264 
0.008568 0.181374 0.018518 
0.020156 0.021705 0.030252 
0.185584 0.005962 0.017950 
0.001926 0.207363 0.000198 
0.035325 0.036271 0.005512 
