10 4 16
0
0.950317 0.037592 0.000000 0.005543 0.037279 0.000000 0.009366 0.000000 0.000000 0.024984 
0.012421 0.024073 0.002275 0.009477 0.003646 0.000000 0.008834 0.000000 0.000000 0.000000 
0.000000 0.000000 0.041543 0.000000 0.027078 0.000000 0.000000 0.000000 0.000000 0.900739 
0.016108 0.000891 0.000000 0.974713 0.000000 0.000000 0.930652 0.000000 0.000000 0.000000 
0.006240 0.000000 0.933261 0.000000 0.000000 0.023875 0.000000 0.000000 0.019615 0.005834 
0.001371 0.000000 0.000000 0.000000 0.043388 0.976125 0.000000 0.000000 0.000000 0.000015 
0.000000 0.937444 0.000000 0.010267 0.000000 0.000000 0.051147 0.000000 0.000000 0.000000 
0.000000 0.000000 0.000000 0.000000 0.000000 0.000000 0.000000 0.068101 0.000000 0.025435 
0.000087 0.000000 0.000000 0.000000 0.888610 0.000000 0.000000 0.000000 0.980384 0.000330 
0.013456 0.000000 0.022921 0.000000 0.000000 0.000000 0.000000 0.931899 0.000000 0.042664 
1
0.044863 0.967060 0.000000 0.413854 0.054019 0.000000 0.000000 0.000000 0.000000 0.019974 
0.014492 0.016310 0.000000 0.486439 0.000000 0.000000 0.022937 0.000000 0.000000 0.000000 
0.000000 0.000000 0.972078 0.000000 0.023939 0.000000 0.000000 0.000000 0.001028 0.015848 
0.000004 0.000213 0.000000 0.081357 0.000098 0.000000 0.025481 0.000000 0.000000 0.000000 
0.469392 0.000017 0.020658 0.000000 0.000019 0.005075 0.000000 0.000000 0.007141 0.000000 
0.000001 0.000000 0.000000 0.000000 0.906351 0.994925 0.000000 0.000000 0.000000 0.000113 
0.008253 0.016399 0.000000 0.018350 0.000000 0.000000 0.951582 0.000000 0.000000 0.000000 
0.000000 0.000000 0.004166 0.000000 0.000000 0.000000 0.000000 0.973812 0.000000 0.022742 
0.000000 0.000000 0.000000 0.000000 0.015574 0.000000 0.000000 0.000000 0.991831 0.000000 
0.462995 0.000000 0.003098 0.000000 0.000000 0.000000 0.000000 0.026188 0.000000 0.941323 
2
0.966536 0.000003 0.000000 0.020501 0.024376 0.000000 0.000000 0.000109 0.000000 0.013092 
0.001756 0.937109 0.000000 0.017999 0.000000 0.000000 0.896487 0.000000 0.001240 0.000000 
0.000001 0.000000 0.046398 0.000000 0.951087 0.000000 0.000000 0.000000 0.000000 0.017489 
0.006481 0.043145 0.000000 0.501179 0.000000 0.000000 0.026748 0.000000 0.000000 0.000000 
0.011654 0.000000 0.015833 0.000000 0.000000 0.008570 0.000000 0.000000 0.910355 0.000000 
0.000000 0.000000 0.000000 0.000000 0.016856 0.991430 0.000000 0.000000 0.000000 0.000000 
0.000000 0.011620 0.000000 0.460320 0.000000 0.000000 0.076765 0.000000 0.000000 0.000000 
0.000037 0.000000 0.000007 0.000000 0.000000 0.000000 0.000000 0.966333 0.000000 0.961897 
0.000000 0.000000 0.000000 0.000000 0.006908 0.000000 0.000000 0.000000 0.088405 0.000000 
0.013534 0.008123 0.937762 0.000000 0.000774 0.000000 0.000000 0.033558 0.000000 0.007522 
3
0.058690 0.020968 0.000081 0.016850 0.928490 0.000000 0.000000 0.000000 0.000000 0.902443 
0.494006 0.015421 0.000000 0.014691 0.000075 0.000000 0.030659 0.000000 0.000000 0.012036 
0.000000 0.000000 0.964106 0.000000 0.026834 0.000000 0.000000 0.000025 0.000457 0.018756 
0.427351 0.939122 0.000179 0.961549 0.012978 0.000000 0.009973 0.000000 0.005531 0.000000 
0.007771 0.000000 0.025237 0.000000 0.000000 0.941781 0.000000 0.000000 0.030984 0.000736 
0.000000 0.000000 0.000000 0.000000 0.012760 0.058219 0.000000 0.000000 0.000000 0.000000 
0.000000 0.021835 0.000000 0.006910 0.000000 0.000000 0.959368 0.000000 0.000000 0.000002 
0.000000 0.000000 0.000000 0.000000 0.000000 0.000000 0.000000 0.972386 0.000000 0.039786 
0.000000 0.002654 0.000000 0.000000 0.018862 0.000000 0.000000 0.000000 0.963028 0.000000 
0.012183 0.000000 0.010398 0.000000 0.000000 0.000000 0.000000 0.027589 0.000000 0.026241 
0.003639 0.088281 0.012270 0.008925 0.664928 0.002370 0.000971 0.000391 0.000000 0.073713 
0.083910 0.009058 0.001137 0.032618 0.060308 0.008277 0.000881 0.000000 0.012081 0.001232 
0.000035 0.006618 0.062398 0.000573 0.082884 0.010518 0.083890 0.008094 0.004121 0.647550 
0.004511 0.000000 0.004918 0.003483 0.007152 0.070029 0.012339 0.000000 0.066775 0.078752 
0.061817 0.657359 0.000000 0.005085 0.073128 0.005887 0.000000 0.005137 0.000000 0.006410 
0.667830 0.068488 0.000000 0.040940 0.011294 0.064386 0.000000 0.000000 0.001327 0.004625 
0.008034 0.065631 0.009033 0.000000 0.005366 0.081195 0.009349 0.089430 0.001314 0.077509 
0.067445 0.011048 0.000637 0.006925 0.002086 0.667681 0.002462 0.006804 0.012276 0.006271 
0.001394 0.008909 0.059678 0.040399 0.071554 0.000000 0.075380 0.009026 0.012590 0.006202 
0.006361 0.001976 0.009617 0.381439 0.004150 0.002504 0.003820 0.000000 0.067018 0.001195 
0.000000 0.000000 0.669062 0.003116 0.002067 0.001302 0.652653 0.085117 0.098036 0.080523 
0.000539 0.000001 0.088128 0.042597 0.000063 0.012535 0.067138 0.009673 0.649178 0.005820 
0.010584 0.075263 0.010510 0.041587 0.013888 0.001061 0.009412 0.062100 0.001194 0.000002 
0.074074 0.000000 0.002277 0.345229 0.001131 0.011735 0.000000 0.010288 0.007294 0.000000 
0.000000 0.004495 0.061232 0.002250 0.000000 0.005716 0.072464 0.644006 0.005063 0.009210 
0.009826 0.002874 0.009103 0.044833 0.000000 0.054805 0.009244 0.069934 0.061734 0.000986 
