11 4 16
0
0.986036 0.000000 0.889950 0.004971 0.000000 0.000000 0.000000 0.000000 0.000000 0.000000 0.000000 
0.000000 0.034834 0.000000 0.028494 0.000000 0.000000 0.013753 0.931495 0.000000 0.000000 0.000000 
0.013964 0.004336 0.000000 0.000000 0.000000 0.012522 0.943697 0.000000 0.023933 0.000000 0.000000 
0.000000 0.028876 0.000000 0.938850 0.031782 0.000000 0.000000 0.000000 0.000000 0.000000 0.000000 
0.000000 0.000000 0.000800 0.027678 0.024056 0.000001 0.000000 0.000000 0.000000 0.009351 0.010676 
0.000000 0.000000 0.047054 0.000003 0.000000 0.954485 0.000000 0.000000 0.000000 0.017915 0.002135 
0.000000 0.905389 0.019178 0.000000 0.000000 0.000000 0.042551 0.000000 0.000000 0.000000 0.000000 
0.000000 0.026564 0.000000 0.000000 0.000000 0.000000 0.000000 0.068505 0.000000 0.000000 0.000000 
0.000000 0.000000 0.043018 0.000000 0.000000 0.000143 0.000000 0.000000 0.976067 0.000000 0.000000 
0.000000 0.000000 0.000000 0.000003 0.001039 0.032849 0.000000 0.000000 0.000000 0.962369 0.935414 
0.000000 0.000000 0.000000 0.000000 0.943123 0.000000 0.000000 0.000000 0.000000 0.010365 0.051775 
1
0.984757 0.000000 0.015616 0.000000 0.000000 0.000000 0.000000 0.000000 0.000000 0.000000 0.000000 
0.000000 0.936255 0.000000 0.929060 0.000000 0.000000 0.003487 0.026341 0.000000 0.000000 0.000000 
0.015162 0.000000 0.000000 0.000000 0.000000 0.932219 0.020533 0.000000 0.004992 0.000000 0.000000 
0.000000 0.022994 0.000000 0.031850 0.950356 0.011336 0.000000 0.000000 0.000000 0.000000 0.000000 
0.000000 0.000000 0.000000 0.030838 0.026312 0.000000 0.000000 0.000000 0.000000 0.466959 0.024674 
0.000000 0.000000 0.052336 0.000000 0.000003 0.047943 0.000000 0.000000 0.000000 0.439572 0.000000 
0.000081 0.018863 0.021588 0.000000 0.000000 0.000000 0.975940 0.000000 0.000000 0.000000 0.000000 
0.000000 0.021888 0.000000 0.000000 0.000000 0.000000 0.000040 0.973659 0.000000 0.000000 0.000000 
0.000000 0.000000 0.910460 0.000000 0.000000 0.000000 0.000000 0.000000 0.995008 0.000000 0.000000 
0.000000 0.000000 0.000000 0.000000 0.006790 0.000002 0.000000 0.000000 0.000000 0.074360 0.025318 
0.000000 0.000000 0.000000 0.008251 0.016538 0.008500 0.000000 0.000000 0.000000 0.019109 0.950008 
2
0.086762 0.000000 0.006180 0.000000 0.000000 0.000000 0.000000 0.000000 0.000000 0.000000 0.000000 
0.000000 0.004678 0.000120 0.030331 0.006468 0.000000 0.933198 0.029031 0.000000 0.000000 0.000000 
0.913238 0.000000 0.000000 0.000022 0.000000 0.017670 0.017123 0.000000 0.008663 0.000000 0.000000 
0.000000 0.016018 0.000000 0.955180 0.000000 0.000012 0.001240 0.000000 0.000000 0.000000 0.000000 
0.000000 0.000000 0.000000 0.012482 0.935120 0.000000 0.000000 0.000000 0.000000 0.017313 0.895034 
0.000000 0.000000 0.019161 0.001257 0.000000 0.965418 0.000000 0.000000 0.000000 0.026325 0.000000 
0.000000 0.029305 0.958285 0.000000 0.000000 0.000000 0.048439 0.000000 0.000000 0.000000 0.000000 
0.000000 0.949999 0.000000 0.000000 0.000000 0.000000 0.000000 0.970969 0.000000 0.000000 0.000000 
0.000000 0.000000 0.016254 0.000000 0.000000 0.000000 0.000000 0.000000 0.991337 0.000000 0.000000 
0.000000 0.000000 0.000000 0.000728 0.047439 0.016900 0.000000 0.000000 0.000000 0.492407 0.027963 
0.000000 0.000000 0.000000 0.000000 0.010973 0.000000 0.000000 0.000000 0.000000 0.463955 0.077003 
3
0.962989 0.000000 0.021833 0.000000 0.000000 0.000000 0.000000 0.000000 0.000000 0.000000 0.000000 
0.000000 0.022872 0.000000 0.021571 0.000000 0.000000 0.009580 0.028794 0.000000 0.000000 0.000000 
0.031362 0.000000 0.000000 0.000000 0.000000 0.023667 0.020402 0.000000 0.942205 0.000000 0.000000 
0.000000 0.911132 0.000000 0.085380 0.019293 0.000000 0.004623 0.000000 0.000000 0.001018 0.000000 
0.000000 0.010807 0.000000 0.893038 0.026169 0.000416 0.000000 0.000000 0.000000 0.019382 0.029951 
0.000000 0.000000 0.927005 0.000011 0.000000 0.031516 0.000000 0.000000 0.000000 0.015536 0.000000 
0.000310 0.017792 0.027349 0.000000 0.000000 0.000000 0.965396 0.000000 0.000000 0.000000 0.000000 
0.000000 0.037396 0.000000 0.000000 0.000000 0.000000 0.000000 0.971206 0.000000 0.000000 0.000000 
0.000000 0.000000 0.011376 0.000000 0.000000 0.000000 0.000000 0.000000 0.057795 0.000000 0.000000 
0.005340 0.000000 0.012436 0.000000 0.932302 0.944401 0.000000 0.000000 0.000000 0.955995 0.010416 
0.000000 0.000000 0.000000 0.000000 0.022236 0.000000 0.000000 0.000000 0.000000 0.008069 0.959633 
0.000000 0.073966 0.665632 0.003471 0.085984 0.005298 0.012097 0.000078 0.002167 0.009658 0.000590 
0.011991 0.001193 0.060920 0.072943 0.005933 0.094317 0.001140 0.000000 0.008217 0.033631 0.000834 
0.004232 0.650728 0.077846 0.000000 0.006976 0.000000 0.066368 0.007026 0.011220 0.000560 0.084075 
0.067007 0.075497 0.009013 0.007423 0.000000 0.002846 0.004775 0.000000 0.070040 0.003540 0.012187 
0.000000 0.006065 0.072843 0.056856 0.666000 0.065374 0.000000 0.005158 0.005886 0.002564 0.000000 
0.001320 0.003272 0.011441 0.663954 0.065868 0.668164 0.000000 0.000000 0.064811 0.037247 0.000000 
0.001302 0.079231 0.005737 0.010247 0.066061 0.005521 0.009032 0.088873 0.081194 0.000000 0.009010 
0.012205 0.006347 0.002641 0.069718 0.010303 0.066891 0.000861 0.006500 0.667461 0.006147 0.002402 
0.013661 0.005958 0.072832 0.003433 0.005591 0.000000 0.056537 0.009308 0.000000 0.042097 0.075787 
0.066669 0.001172 0.004192 0.008640 0.000001 0.003740 0.009615 0.000000 0.002505 0.384720 0.004285 
0.098340 0.079810 0.002748 0.000000 0.000000 0.000000 0.666606 0.085156 0.001300 0.003017 0.653851 
0.646983 0.005762 0.000000 0.000000 0.000000 0.001361 0.087409 0.009420 0.012546 0.042946 0.067077 
0.001328 0.000000 0.014155 0.016759 0.080452 0.004158 0.010343 0.062514 0.001076 0.039224 0.009350 
0.007332 0.000000 0.000000 0.080161 0.000000 0.068660 0.002502 0.010332 0.011707 0.346801 0.000000 
0.004977 0.009313 0.000000 0.000000 0.004342 0.000000 0.063517 0.645860 0.005713 0.003001 0.071311 
0.062654 0.001686 0.000000 0.006394 0.002490 0.013671 0.009198 0.069775 0.054157 0.044847 0.009240 
