5 4 16
0
0.000000 0.000000 0.000000 0.000000 0.000000 
0.000000 1.000000 0.491639 0.000000 0.000000 
1.000000 0.000000 0.000000 0.000000 0.482877 
0.000000 0.000000 0.000000 1.000000 0.000000 
0.000000 0.000000 0.508361 0.000000 0.517123 
1
0.000000 0.000000 0.000000 0.000000 0.000000 
0.000000 0.000000 0.000000 0.000000 0.000000 
0.000000 0.000000 1.000000 0.000000 0.000000 
1.000000 1.000000 0.000000 0.000000 0.000000 
0.000000 0.000000 0.000000 1.000000 1.000000 
2
1.000000 0.000000 0.524871 0.000000 0.000000 
0.000000 0.000000 0.000000 0.000000 0.000000 
0.000000 1.000000 0.000000 0.000000 0.479936 
0.000000 0.000000 0.000000 1.000000 0.000000 
0.000000 0.000000 0.475129 0.000000 0.520064 
3
1.000000 0.000000 0.000000 0.533965 0.000000 
0.000000 1.000000 0.000000 0.466035 0.000000 
0.000000 0.000000 1.000000 0.000000 0.000000 
0.000000 0.000000 0.000000 0.000000 1.000000 
0.000000 0.000000 0.000000 0.000000 0.000000 
0.000000 0.000000 0.000000 0.000000 0.000000 
0.000000 0.000000 0.000000 0.000000 0.000000 
0.000000 0.000000 0.000000 0.000000 0.000000 
0.000000 0.000000 0.000000 0.000000 0.494640 
0.000000 0.000000 0.000000 0.000000 0.000000 
0.000000 0.000000 0.000000 1.000000 0.000000 
0.000000 0.000000 0.000000 0.000000 0.505360 
0.000000 0.000000 0.000000 0.000000 0.000000 
0.000000 0.000000 0.000000 0.000000 0.000000 
0.000000 1.000000 0.000000 0.000000 0.000000 
0.000000 0.000000 1.000000 0.000000 0.000000 
0.000000 0.000000 0.000000 0.000000 0.000000 
1.000000 0.000000 0.000000 0.000000 0.000000 
0.000000 0.000000 0.000000 0.000000 0.000000 
0.000000 0.000000 0.000000 0.000000 0.000000 
0.000000 0.000000 0.000000 0.000000 0.000000 
