3 4 16
0
0.000000 0.000000 0.000000 
0.000000 0.853442 1.000000 
1.000000 0.146558 0.000000 
1
0.000000 0.000000 0.000000 
1.000000 1.000000 0.000000 
0.000000 0.000000 1.000000 
2
1.000000 0.000000 0.775883 
0.000000 0.603632 0.224117 
0.000000 0.396368 0.000000 
3
1.000000 0.210238 0.000000 
0.000000 0.789762 0.000000 
0.000000 0.000000 1.000000 
0.000000 0.000000 0.000000 
0.000000 0.000000 0.000000 
0.000000 0.000000 0.000000 
0.000000 0.205697 0.000000 
0.000000 0.000000 0.000000 
0.001340 0.426813 0.000000 
0.129982 0.176356 0.000000 
0.000000 0.000000 0.000000 
0.000000 0.000000 0.000000 
0.000000 0.191134 0.000000 
0.000000 0.000000 1.000000 
0.000000 0.000000 0.000000 
0.868679 0.000000 0.000000 
0.000000 0.000000 0.000000 
0.000000 0.000000 0.000000 
0.000000 0.000000 0.000000 
