4 4 16
0
0.000000 0.000000 0.538600 0.482877 
0.000000 1.000000 0.000000 0.000000 
0.491639 0.000000 0.461400 0.000000 
0.508361 0.000000 0.000000 0.517123 
1
1.000000 0.000000 0.000000 0.000000 
0.000000 0.000000 1.000000 0.000000 
0.000000 0.000000 0.000000 0.000000 
0.000000 1.000000 0.000000 1.000000 
2
0.000000 0.000000 0.490164 0.479936 
0.000000 1.000000 0.000000 0.000000 
0.524871 0.000000 0.509836 0.000000 
0.475129 0.000000 0.000000 0.520064 
3
1.000000 0.000000 0.000000 0.000000 
0.000000 0.000000 0.000000 1.000000 
0.000000 1.000000 1.000000 0.000000 
0.000000 0.000000 0.000000 0.000000 
0.000000 0.000000 0.000000 0.000000 
0.000000 0.000000 0.000000 0.000000 
0.000000 0.000000 0.000000 0.000000 
0.000000 0.000000 0.000000 0.494640 
0.000000 0.000000 0.000000 0.000000 
0.000000 1.000000 0.000000 0.000000 
0.000000 0.000000 0.000000 0.505360 
0.000000 0.000000 0.000000 0.000000 
0.000000 0.000000 0.000000 0.000000 
0.000000 0.000000 0.476825 0.000000 
1.000000 0.000000 0.000000 0.000000 
0.000000 0.000000 0.000000 0.000000 
0.000000 0.000000 0.523175 0.000000 
0.000000 0.000000 0.000000 0.000000 
0.000000 0.000000 0.000000 0.000000 
0.000000 0.000000 0.000000 0.000000 
