4 4 16
0
0.780216 0.000000 0.000000 0.662716 
0.000000 1.000000 0.000000 0.000000 
0.219784 0.000000 1.000000 0.000000 
0.000000 0.000000 0.000000 0.337284 
1
1.000000 0.281577 0.000000 0.000000 
0.000000 0.000000 1.000000 0.316456 
0.000000 0.000000 0.000000 0.000000 
0.000000 0.718423 0.000000 0.683544 
2
0.586550 0.000000 1.000000 0.000000 
0.000000 1.000000 0.000000 0.000000 
0.000000 0.000000 0.000000 0.000000 
0.413450 0.000000 0.000000 1.000000 
3
0.833509 0.000000 0.000000 0.000000 
0.166491 0.309244 0.000000 0.614952 
0.000000 0.349580 1.000000 0.000000 
0.000000 0.341176 0.000000 0.385048 
0.191576 0.000000 0.000000 0.020973 
0.000000 0.000000 0.000000 0.000000 
0.000000 0.000000 0.000000 0.302708 
0.000000 0.000000 0.000000 0.000000 
0.000000 0.000000 0.000000 0.305949 
0.000000 0.695387 0.000000 0.000000 
0.000000 0.000000 0.000000 0.000000 
0.202119 0.000000 0.000000 0.000000 
0.000000 0.000000 0.000000 0.000000 
0.000000 0.000000 1.000000 0.000000 
0.393113 0.000000 0.000000 0.000000 
0.213193 0.000000 0.000000 0.000000 
0.000000 0.000000 0.000000 0.000000 
0.000000 0.304613 0.000000 0.000000 
0.000000 0.000000 0.000000 0.370370 
0.000000 0.000000 0.000000 0.000000 
