5 4 16
0
1.000000 0.000000 0.000000 0.000000 0.000000 
0.000000 1.000000 0.507147 0.000000 0.000000 
0.000000 0.000000 0.492853 1.000000 0.000000 
0.000000 0.000000 0.000000 0.000000 0.000000 
0.000000 0.000000 0.000000 0.000000 1.000000 
1
0.000000 0.509615 0.000000 0.353671 0.000000 
0.000000 0.490385 0.000000 0.000000 0.000000 
1.000000 0.000000 0.682159 0.000000 0.000000 
0.000000 0.000000 0.072635 0.646329 0.000000 
0.000000 0.000000 0.245206 0.000000 1.000000 
2
1.000000 0.000000 0.000000 0.000000 0.000000 
0.000000 0.000000 0.000000 0.000000 0.000000 
0.000000 1.000000 0.449500 0.000000 0.000000 
0.000000 0.000000 0.550500 1.000000 0.000000 
0.000000 0.000000 0.000000 0.000000 1.000000 
3
0.000000 0.000000 0.479927 0.000000 0.000000 
0.506083 1.000000 0.000000 0.000000 0.000000 
0.000000 0.000000 0.520073 0.000000 1.000000 
0.493917 0.000000 0.000000 1.000000 0.000000 
0.000000 0.000000 0.000000 0.000000 0.000000 
0.000000 0.000001 0.240233 0.000000 0.000000 
0.000000 0.000000 0.000000 0.000000 0.000000 
0.000000 0.000000 0.228697 0.000003 0.000000 
0.000000 0.000000 0.000000 0.000000 0.000000 
0.000000 0.000000 0.000000 0.353463 0.000000 
1.000000 0.000000 0.000000 0.000000 0.000000 
0.000000 0.000000 0.000000 0.000000 0.000000 
0.000000 0.000000 0.000000 0.000000 1.000000 
0.000000 0.000000 0.000000 0.000000 0.000000 
0.000000 0.508355 0.000000 0.000000 0.000000 
0.000000 0.000000 0.458590 0.000000 0.000000 
0.000000 0.491644 0.000000 0.000000 0.000000 
0.000000 0.000000 0.000000 0.000000 0.000000 
0.000000 0.000000 0.072480 0.217381 0.000000 
0.000000 0.000000 0.000000 0.429153 0.000000 
0.000000 0.000000 0.000000 0.000000 0.000000 
