3 4 16
0
0.500624 0.000000 0.305854 
0.000000 0.800558 0.359667 
0.499376 0.199442 0.334480 
1
1.000000 0.408033 0.000000 
0.000000 0.591967 0.000000 
0.000000 0.000000 1.000000 
2
0.766356 0.000000 0.666482 
0.000000 0.789504 0.333518 
0.233644 0.210496 0.000000 
3
0.540093 0.000000 0.000000 
0.459907 1.000000 0.000000 
0.000000 0.000000 1.000000 
0.244343 0.000051 0.000000 
0.000000 0.000000 0.000000 
0.231925 0.000000 0.000000 
0.000000 0.000000 0.000000 
0.000703 0.192660 0.000000 
0.000000 0.410882 0.000000 
0.000000 0.000000 0.000000 
0.239220 0.000000 0.000000 
0.000000 0.000000 0.000000 
0.000000 0.215822 0.000000 
0.000000 0.000577 0.648262 
0.000000 0.000000 0.351738 
0.000000 0.000000 0.000000 
0.000000 0.180007 0.000000 
0.283809 0.000000 0.000000 
0.000000 0.000000 0.000000 
