6 4 16
0
0.000000 0.000000 0.000000 0.000000 0.000000 0.513447 
0.000000 0.658281 0.000000 0.000000 0.541561 0.000000 
0.000000 0.000000 1.000000 0.000000 0.000000 0.000000 
0.000000 0.000000 0.000000 1.000000 0.458439 0.000000 
1.000000 0.341719 0.000000 0.000000 0.000000 0.000000 
0.000000 0.000000 0.000000 0.000000 0.000000 0.486553 
1
1.000000 0.000000 0.497573 0.000000 0.000000 0.000000 
0.000000 0.312187 0.000000 0.000000 0.000000 0.000000 
0.000000 0.687813 0.000000 0.000000 0.000000 0.000000 
0.000000 0.000000 0.502427 0.491566 0.000000 0.000000 
0.000000 0.000000 0.000000 0.000000 1.000000 0.000000 
0.000000 0.000000 0.000000 0.508434 0.000000 1.000000 
2
0.000000 0.000000 0.000000 0.000000 0.473926 0.000000 
0.000000 0.635191 0.000000 0.000000 0.526074 0.000000 
0.000000 0.000000 1.000000 0.000000 0.000000 0.000000 
0.000000 0.000000 0.000000 0.530952 0.000000 0.000000 
0.000000 0.364809 0.000000 0.469048 0.000000 0.000000 
1.000000 0.000000 0.000000 0.000000 0.000000 1.000000 
3
0.000000 0.000000 0.000000 0.000000 0.000000 0.000000 
0.000000 1.000000 1.000000 0.000000 0.000000 0.000000 
1.000000 0.000000 0.000000 0.475410 0.000000 0.000000 
0.000000 0.000000 0.000000 0.524590 0.000000 0.436853 
0.000000 0.000000 0.000000 0.000000 1.000000 0.000000 
0.000000 0.000000 0.000000 0.000000 0.000000 0.563147 
0.000000 0.000000 0.000000 0.491679 0.000000 0.000000 
0.000000 0.000000 0.000000 0.000000 0.000000 0.000000 
0.999086 0.000000 0.000000 0.000000 0.000000 0.000000 
0.000000 0.000000 0.000000 0.000000 0.000000 0.000000 
0.000914 0.327820 0.000000 0.000000 0.000000 0.000000 
0.000000 0.000000 1.000000 0.000000 0.000000 0.000000 
0.000000 0.000000 0.000000 0.000000 0.000000 0.000000 
0.000000 0.000000 0.000000 0.000000 0.000000 0.457665 
0.000000 0.000000 0.000000 0.000000 0.000000 0.000000 
0.000000 0.366482 0.000000 0.000000 0.000000 0.000000 
0.000000 0.000005 0.000000 0.000000 1.000000 0.000000 
0.000000 0.000000 0.000000 0.508321 0.000000 0.000000 
0.000000 0.000000 0.000000 0.000000 0.000000 0.000000 
0.000000 0.305694 0.000000 0.000000 0.000000 0.000000 
0.000000 0.000000 0.000000 0.000000 0.000000 0.542335 
0.000000 0.000000 0.000000 0.000000 0.000000 0.000000 
