8 4 16
0
0.951670 0.022049 0.000062 0.000016 0.029498 0.013478 0.035110 0.006157 
0.012269 0.966030 0.000000 0.904578 0.000029 0.000000 0.000000 0.000023 
0.000641 0.000000 0.082345 0.000007 0.000108 0.333778 0.000000 0.001340 
0.000000 0.011918 0.000001 0.058671 0.000000 0.002894 0.902058 0.000017 
0.008328 0.000003 0.905663 0.002329 0.942564 0.004679 0.000000 0.928482 
0.012946 0.000000 0.004492 0.000000 0.007617 0.039674 0.000000 0.059562 
0.012889 0.000000 0.000000 0.034319 0.000000 0.000000 0.062833 0.000000 
0.001255 0.000000 0.007438 0.000080 0.020183 0.605497 0.000000 0.004419 
1
0.059377 0.027373 0.000672 0.000000 0.912111 0.931340 0.009161 0.000000 
0.486874 0.959251 0.000000 0.013624 0.000016 0.000003 0.000035 0.000000 
0.000002 0.000000 0.069637 0.000000 0.013043 0.027668 0.000000 0.470221 
0.000000 0.010584 0.000000 0.959850 0.000022 0.000000 0.039075 0.000000 
0.008891 0.000000 0.021034 0.000000 0.058176 0.000000 0.000000 0.018617 
0.014219 0.000000 0.042389 0.000000 0.000995 0.040834 0.004362 0.004370 
0.430605 0.002792 0.000000 0.026526 0.000001 0.000000 0.947367 0.000002 
0.000032 0.000000 0.866268 0.000000 0.015636 0.000154 0.000000 0.506791 
2
0.949256 0.023356 0.000000 0.000000 0.023783 0.031532 0.000022 0.000000 
0.009898 0.045336 0.000000 0.037908 0.002880 0.000000 0.000000 0.000000 
0.000000 0.000056 0.056709 0.000000 0.656925 0.060263 0.000000 0.036226 
0.001505 0.928535 0.000000 0.041223 0.000001 0.000000 0.007519 0.000000 
0.016003 0.000000 0.052419 0.000000 0.041881 0.000000 0.000000 0.000681 
0.018287 0.000720 0.873284 0.000000 0.000000 0.908007 0.000001 0.954579 
0.005051 0.001997 0.000000 0.920869 0.000000 0.000000 0.992458 0.000000 
0.000000 0.000000 0.017588 0.000000 0.274531 0.000198 0.000000 0.008514 
3
0.062795 0.915634 0.000000 0.000000 0.011611 0.015499 0.921029 0.000000 
0.021979 0.070773 0.000000 0.031854 0.000000 0.000000 0.000000 0.000003 
0.000035 0.000000 0.959331 0.000000 0.002033 0.024079 0.000000 0.013120 
0.000030 0.013593 0.000017 0.940707 0.000000 0.000000 0.036799 0.000592 
0.479343 0.000000 0.009537 0.000000 0.968738 0.000000 0.000000 0.009887 
0.430170 0.000000 0.025475 0.000000 0.000000 0.959253 0.007187 0.029548 
0.005583 0.000000 0.000000 0.027438 0.000000 0.000000 0.034985 0.000000 
0.000066 0.000000 0.005641 0.000000 0.017619 0.001168 0.000000 0.946851 
0.010954 0.006905 0.000142 0.010210 0.006992 0.006992 0.006564 0.007228 
0.072314 0.079981 0.000584 0.001272 0.074476 0.000008 0.000000 0.003696 
0.000794 0.067957 0.036317 0.072910 0.000000 0.000008 0.069816 0.098096 
0.006420 0.666202 0.020485 0.010600 0.009451 0.000000 0.007542 0.001785 
0.073865 0.000014 0.000000 0.000000 0.002241 0.075837 0.070383 0.000000 
0.660265 0.008015 0.000000 0.000000 0.006319 0.010023 0.007221 0.000000 
0.007822 0.006594 0.006914 0.003225 0.000000 0.015249 0.656385 0.000327 
0.076920 0.069865 0.000002 0.000596 0.001090 0.001502 0.063682 0.002168 
0.000044 0.000000 0.125097 0.072401 0.079567 0.078658 0.000000 0.025264 
0.007845 0.008745 0.001707 0.014217 0.649793 0.010891 0.000000 0.016449 
0.000000 0.002824 0.655301 0.656465 0.005291 0.006590 0.008104 0.649319 
0.000344 0.074519 0.053982 0.070518 0.074036 0.000007 0.001097 0.107929 
0.007379 0.000000 0.009977 0.007213 0.001268 0.623198 0.007679 0.005910 
0.066008 0.000089 0.002594 0.000793 0.076533 0.086088 0.000293 0.000023 
0.001506 0.000283 0.081711 0.071442 0.000012 0.079720 0.085498 0.068327 
0.007520 0.008005 0.005187 0.008137 0.012930 0.005226 0.015738 0.013480 
