3 4 16
0
0.393231 0.023225 0.000033 
0.606638 0.062518 0.012960 
0.000131 0.914257 0.987007 
1
0.978886 0.026442 0.002637 
0.020545 0.955875 0.012486 
0.000568 0.017683 0.984877 
2
0.978822 0.915197 0.003248 
0.021067 0.057020 0.620773 
0.000112 0.027783 0.375978 
3
0.978166 0.019354 0.003241 
0.019065 0.964303 0.012931 
0.002770 0.016343 0.983828 
0.008870 0.007413 0.007327 
0.024133 0.001979 0.074957 
0.024026 0.069574 0.021754 
0.004411 0.010119 0.217374 
0.072905 0.000000 0.025146 
0.224327 0.000167 0.219117 
0.219095 0.005023 0.005854 
0.047692 0.000990 0.046707 
0.028174 0.071268 0.028821 
0.005128 0.010752 0.237586 
0.004714 0.657484 0.003758 
0.000742 0.075966 0.050101 
0.217493 0.005471 0.004523 
0.053909 0.000734 0.046400 
0.055526 0.073960 0.000727 
0.008854 0.009100 0.009847 
