5 4 16
0
0.043624 0.420572 0.000000 0.015399 0.940734 
0.399166 0.553364 0.023248 0.000238 0.000000 
0.005531 0.026051 0.955379 0.031171 0.015319 
0.535922 0.000012 0.008734 0.949566 0.004015 
0.015756 0.000000 0.012639 0.003626 0.039932 
1
0.962815 0.019060 0.000000 0.032951 0.024294 
0.014287 0.957605 0.909424 0.003847 0.001207 
0.000002 0.018210 0.056101 0.897518 0.925562 
0.009728 0.002105 0.014894 0.065041 0.000000 
0.013168 0.003020 0.019580 0.000643 0.048937 
2
0.052145 0.454760 0.000753 0.934594 0.050195 
0.439148 0.527661 0.015695 0.000064 0.000033 
0.000000 0.015930 0.949070 0.023324 0.029850 
0.011029 0.000000 0.017707 0.042010 0.000000 
0.497678 0.001650 0.016776 0.000008 0.919921 
3
0.957482 0.019233 0.000009 0.022268 0.028827 
0.022815 0.047757 0.021596 0.000064 0.000000 
0.000000 0.930171 0.059791 0.012418 0.009988 
0.006605 0.000002 0.488313 0.965250 0.000052 
0.013097 0.002837 0.430291 0.000000 0.961133 
0.006828 0.007213 0.010664 0.007373 0.006550 
0.001424 0.036016 0.072200 0.083761 0.000008 
0.067813 0.074152 0.000817 0.000001 0.000027 
0.010108 0.352828 0.006893 0.023747 0.000000 
0.000000 0.031848 0.072777 0.001544 0.080796 
0.000043 0.005427 0.664642 0.005829 0.012426 
0.004382 0.316383 0.006727 0.000000 0.022140 
0.001323 0.069549 0.075932 0.001319 0.000873 
0.073147 0.000001 0.000197 0.077000 0.077841 
0.011192 0.005464 0.007284 0.623295 0.010493 
0.660244 0.010264 0.000000 0.004620 0.007788 
0.074384 0.037039 0.000648 0.080563 0.000029 
0.007603 0.001723 0.007161 0.003465 0.605892 
0.001085 0.000339 0.065190 0.074055 0.084383 
0.071267 0.040661 0.001841 0.000015 0.084894 
0.009157 0.011093 0.007028 0.013414 0.005860 
