4 4 16
0
0.052199 0.000029 0.021195 0.921179 
0.003329 0.955082 0.029925 0.029205 
0.909703 0.020413 0.948867 0.000001 
0.034769 0.024477 0.000013 0.049615 
1
0.954088 0.000013 0.021622 0.030415 
0.000003 0.048567 0.488544 0.447161 
0.020652 0.501359 0.489203 0.000005 
0.025256 0.450061 0.000631 0.522418 
2
0.048933 0.002104 0.924192 0.034337 
0.000000 0.967103 0.026927 0.009416 
0.032187 0.019393 0.048875 0.000308 
0.918879 0.011400 0.000005 0.955939 
3
0.956562 0.000001 0.014954 0.031825 
0.000017 0.053095 0.410836 0.403306 
0.019937 0.521720 0.572050 0.000000 
0.023484 0.425184 0.002160 0.564869 
0.007166 0.007913 0.008392 0.008138 
0.001791 0.071595 0.079036 0.000045 
0.071083 0.000240 0.030796 0.034305 
0.010889 0.007044 0.315853 0.004780 
0.000000 0.070177 0.000037 0.078627 
0.000004 0.674412 0.007042 0.014583 
0.004396 0.007577 0.000000 0.324126 
0.000900 0.074492 0.034528 0.034542 
0.073710 0.002804 0.040862 0.037148 
0.011912 0.006355 0.347608 0.004263 
0.652573 0.000000 0.004497 0.007554 
0.075708 0.000056 0.073501 0.001196 
0.005710 0.005852 0.003878 0.315498 
0.000914 0.062551 0.042828 0.045614 
0.074210 0.001539 0.000062 0.079999 
0.009033 0.007391 0.011083 0.009581 
