6 4 16
0
0.947515 0.000004 0.000000 0.006024 0.481300 0.008403 
0.000458 0.958270 0.000001 0.000000 0.434818 0.010810 
0.000000 0.000000 0.067745 0.000000 0.016413 0.012893 
0.003200 0.000000 0.000021 0.043387 0.018159 0.013026 
0.019009 0.017885 0.898174 0.935334 0.046116 0.000000 
0.029818 0.023841 0.034059 0.015255 0.003193 0.954867 
1
0.062346 0.000059 0.000000 0.000000 0.009363 0.010550 
0.000289 0.961614 0.000018 0.001879 0.006368 0.491214 
0.003486 0.003811 0.947904 0.000678 0.014585 0.423724 
0.000890 0.000000 0.004750 0.048683 0.012909 0.017011 
0.035287 0.007368 0.037641 0.021793 0.956776 0.000010 
0.897701 0.027148 0.009687 0.926967 0.000000 0.057490 
2
0.044401 0.000000 0.000000 0.000075 0.013040 0.017685 
0.003065 0.052135 0.000004 0.000000 0.017526 0.010114 
0.000000 0.002190 0.999441 0.000002 0.464994 0.004924 
0.000163 0.002668 0.000493 0.917166 0.453002 0.016868 
0.928316 0.920050 0.000000 0.053330 0.051438 0.000008 
0.024054 0.022957 0.000062 0.029427 0.000000 0.950402 
3
0.979198 0.000062 0.000000 0.000027 0.006158 0.483522 
0.000000 0.072792 0.000000 0.000000 0.014092 0.020054 
0.000003 0.000000 0.037275 0.000024 0.014598 0.005959 
0.000000 0.000036 0.008159 0.964645 0.012151 0.429908 
0.020770 0.008444 0.038164 0.026845 0.953001 0.000122 
0.000029 0.918667 0.916402 0.008460 0.000000 0.060433 
0.007465 0.006043 0.007449 0.006639 0.007268 0.010594 
0.077078 0.078778 0.000000 0.000061 0.001680 0.071565 
0.000000 0.068571 0.069904 0.000000 0.070267 0.000814 
0.010736 0.665545 0.006583 0.000001 0.011083 0.006241 
0.002195 0.000070 0.071324 0.076153 0.000000 0.073238 
0.006206 0.006936 0.007235 0.011252 0.000003 0.663989 
0.000000 0.006484 0.650879 0.014471 0.003143 0.007957 
0.000849 0.070326 0.066420 0.000680 0.000743 0.076208 
0.079143 0.000000 0.000000 0.080969 0.072210 0.000004 
0.641804 0.011850 0.000000 0.010086 0.012187 0.007391 
0.005221 0.003437 0.009659 0.008037 0.656537 0.000000 
0.076703 0.072082 0.001441 0.000001 0.076054 0.000371 
0.002978 0.000000 0.007709 0.620413 0.006368 0.007213 
0.076464 0.000741 0.000175 0.086016 0.000824 0.065779 
0.000066 0.000708 0.086175 0.079589 0.072749 0.001487 
0.013093 0.008428 0.015049 0.005633 0.008886 0.007148 
