10 4 16
0
0.041456 0.003569 0.000000 0.954092 0.000000 0.000000 0.155740 0.000000 0.000000 0.021592 
0.002933 0.040082 0.000000 0.000000 0.013584 0.000000 0.000018 0.032907 0.000010 0.008004 
0.000000 0.000000 0.060961 0.000000 0.000000 0.028101 0.000000 0.030148 0.000000 0.000000 
0.035700 0.000000 0.000000 0.036515 0.000000 0.025769 0.000000 0.000000 0.000000 0.000000 
0.003890 0.250128 0.000000 0.003425 0.930583 0.000000 0.771661 0.000142 0.019965 0.018500 
0.000000 0.000000 0.036451 0.005968 0.000000 0.946130 0.000000 0.000000 0.000000 0.000000 
0.000000 0.062073 0.000000 0.000000 0.018423 0.000000 0.063544 0.000000 0.000000 0.013551 
0.000000 0.000000 0.902588 0.000000 0.000000 0.000000 0.000000 0.056217 0.011054 0.000000 
0.000000 0.464698 0.000000 0.000000 0.017712 0.000000 0.000042 0.880587 0.968972 0.000000 
0.916021 0.179450 0.000000 0.000000 0.019698 0.000000 0.008995 0.000000 0.000000 0.938353 
1
0.955757 0.000000 0.000000 0.026339 0.000000 0.000000 0.131046 0.000000 0.000000 0.017963 
0.000000 0.000562 0.000000 0.000000 0.028100 0.002752 0.218978 0.012285 0.077766 0.000029 
0.000000 0.000000 0.935002 0.000000 0.000000 0.907874 0.000000 0.026934 0.004691 0.000000 
0.022744 0.000000 0.004204 0.040098 0.000000 0.024382 0.000000 0.000000 0.000000 0.000000 
0.000000 0.063538 0.000000 0.000002 0.021470 0.000000 0.105293 0.000000 0.016484 0.884002 
0.000000 0.000001 0.020567 0.933561 0.000000 0.064950 0.000000 0.000000 0.000000 0.000255 
0.000000 0.000000 0.000000 0.000000 0.031636 0.000038 0.029378 0.000000 0.000000 0.042143 
0.000000 0.000001 0.040227 0.000000 0.000000 0.000000 0.000000 0.960727 0.012565 0.000000 
0.000000 0.935899 0.000000 0.000000 0.899675 0.000004 0.509996 0.000053 0.888494 0.000000 
0.021499 0.000000 0.000000 0.000000 0.019119 0.000000 0.005310 0.000000 0.000000 0.055608 
2
0.063345 0.000001 0.000000 0.049461 0.000000 0.000000 0.000000 0.000000 0.000000 0.935439 
0.000000 0.166898 0.000000 0.000000 0.000000 0.000000 0.000000 0.000000 0.000113 0.000000 
0.000000 0.000000 0.979226 0.000000 0.000000 0.017511 0.000000 0.922107 0.000000 0.000000 
0.910811 0.000000 0.000000 0.921597 0.000000 0.042140 0.000000 0.000000 0.000000 0.000000 
0.000000 0.000101 0.000000 0.000000 0.956127 0.000000 0.798784 0.000000 0.015734 0.024204 
0.000000 0.000000 0.007352 0.028942 0.000000 0.940348 0.000000 0.000000 0.000000 0.000000 
0.000000 0.000001 0.000000 0.000000 0.000569 0.000000 0.000240 0.000000 0.006502 0.000793 
0.000000 0.828449 0.013422 0.000000 0.003341 0.000000 0.000000 0.040916 0.936124 0.000000 
0.000000 0.004551 0.000000 0.000000 0.008918 0.000000 0.176929 0.036977 0.041527 0.000000 
0.025844 0.000000 0.000000 0.000000 0.031045 0.000000 0.024047 0.000000 0.000000 0.039564 
3
0.958239 0.000000 0.000000 0.024338 0.000000 0.000000 0.073423 0.000000 0.000000 0.021940 
0.000000 0.072295 0.000000 0.000000 0.002063 0.000000 0.000002 0.000000 0.005905 0.000000 
0.000000 0.000000 0.029646 0.000000 0.000000 0.012185 0.031600 0.025651 0.000000 0.000000 
0.031211 0.000000 0.005022 0.954261 0.001914 0.936796 0.000157 0.000000 0.000000 0.000326 
0.000000 0.795219 0.000002 0.000000 0.038915 0.000000 0.001600 0.000000 0.849370 0.013375 
0.000000 0.001299 0.934178 0.021401 0.000000 0.048533 0.000000 0.000000 0.000000 0.000001 
0.000000 0.051352 0.000000 0.000000 0.004545 0.000000 0.831771 0.000000 0.067575 0.000000 
0.000000 0.079641 0.031153 0.000000 0.000000 0.002486 0.000000 0.944250 0.012013 0.000000 
0.000000 0.000000 0.000000 0.000000 0.038045 0.000000 0.003397 0.030099 0.065137 0.000000 
0.010550 0.000193 0.000000 0.000000 0.914518 0.000000 0.058050 0.000000 0.000000 0.964358 
0.004128 0.116243 0.007212 0.006237 0.005818 0.012149 0.086461 0.009285 0.001378 0.006623 
0.002207 0.080031 0.000000 0.000000 0.074719 0.072159 0.025199 0.001275 0.078707 0.074937 
0.067553 0.000204 0.071356 0.000668 0.000253 0.000000 0.030424 0.072460 0.070474 0.000000 
0.011150 0.091000 0.006356 0.000000 0.004328 0.008770 0.000000 0.010210 0.693962 0.009710 
0.000000 0.000000 0.069711 0.079111 0.080580 0.071649 0.001532 0.000000 0.000002 0.000475 
0.000000 0.031051 0.006168 0.008767 0.690586 0.657634 0.165930 0.000000 0.006713 0.006474 
0.003478 0.000895 0.658904 0.014985 0.007170 0.004995 0.053333 0.002981 0.009248 0.000000 
0.001610 0.164125 0.064809 0.001219 0.073463 0.078909 0.120767 0.000060 0.062964 0.000000 
0.071640 0.000000 0.000000 0.082499 0.000000 0.000159 0.011720 0.072508 0.000000 0.077748 
0.009068 0.170699 0.000000 0.008744 0.007770 0.005846 0.002695 0.014153 0.001634 0.653339 
0.651075 0.000394 0.005915 0.006074 0.000000 0.000000 0.000000 0.659109 0.004576 0.005406 
0.083882 0.345277 0.000996 0.000000 0.000000 0.000000 0.008620 0.069125 0.060845 0.072244 
0.007808 0.000000 0.007902 0.624773 0.005195 0.005299 0.066680 0.007238 0.000000 0.005226 
0.000969 0.000000 0.000746 0.082310 0.039731 0.074598 0.426639 0.000798 0.000000 0.075183 
0.075941 0.000003 0.085273 0.078799 0.001475 0.001581 0.000000 0.072638 0.000036 0.000000 
0.009490 0.000078 0.014651 0.005813 0.008913 0.006251 0.000000 0.008158 0.009460 0.012636 
