9 4 16
0
0.944869 0.025550 0.367024 0.003312 0.000000 0.000000 0.003556 0.000182 0.025565 
0.022027 0.944289 0.011268 0.000000 0.000000 0.000000 0.914710 0.000001 0.000000 
0.003844 0.005792 0.619956 0.000000 0.000000 0.000000 0.000000 0.000000 0.000000 
0.000000 0.000000 0.000000 0.036165 0.000000 0.023226 0.035295 0.000000 0.000000 
0.000000 0.000000 0.000000 0.000000 0.061144 0.028273 0.000381 0.029406 0.000000 
0.000000 0.000000 0.000000 0.005901 0.036330 0.948501 0.000000 0.000000 0.000000 
0.003214 0.024369 0.001751 0.954621 0.000000 0.000000 0.045814 0.001854 0.000000 
0.000000 0.000000 0.000000 0.000002 0.902526 0.000000 0.000013 0.056963 0.010374 
0.026045 0.000000 0.000000 0.000000 0.000000 0.000000 0.000231 0.911593 0.964062 
1
0.036796 0.894282 0.080778 0.000000 0.000000 0.000000 0.000000 0.000000 0.020577 
0.023143 0.058096 0.000173 0.000000 0.000000 0.000000 0.023208 0.000000 0.000000 
0.000893 0.021567 0.187872 0.000000 0.000000 0.000000 0.000000 0.000000 0.000000 
0.000000 0.000017 0.000000 0.036975 0.004191 0.025527 0.022336 0.000000 0.000000 
0.000000 0.000000 0.000000 0.000000 0.934740 0.909421 0.000000 0.027238 0.004590 
0.000000 0.000059 0.000000 0.936293 0.020817 0.065051 0.000000 0.000000 0.000000 
0.000084 0.025978 0.000718 0.026732 0.000000 0.000000 0.954456 0.000000 0.000000 
0.000000 0.000000 0.000000 0.000000 0.040252 0.000000 0.000000 0.960197 0.014385 
0.939084 0.000000 0.730460 0.000000 0.000000 0.000001 0.000000 0.012565 0.960449 
2
0.937128 0.024571 0.931203 0.000000 0.000000 0.000000 0.000000 0.000000 0.014380 
0.031433 0.040563 0.018180 0.000000 0.000000 0.000000 0.026719 0.000000 0.000000 
0.008716 0.000008 0.049859 0.000000 0.000000 0.000000 0.000000 0.000000 0.005693 
0.000000 0.000000 0.000000 0.919686 0.000000 0.039465 0.910931 0.000000 0.000992 
0.000000 0.000000 0.000000 0.000000 0.977469 0.018095 0.000007 0.921545 0.000000 
0.000000 0.000000 0.000000 0.028732 0.007960 0.942439 0.000000 0.000000 0.000000 
0.000057 0.934858 0.000000 0.051582 0.000000 0.000000 0.062343 0.000000 0.000262 
0.000857 0.000000 0.000000 0.000000 0.014571 0.000000 0.000000 0.040840 0.929620 
0.021809 0.000001 0.000757 0.000000 0.000000 0.000000 0.000000 0.037615 0.049053 
3
0.044670 0.016733 0.002419 0.000000 0.000000 0.000000 0.000000 0.000000 0.845966 
0.912940 0.959182 0.243648 0.000000 0.000000 0.000000 0.010218 0.000000 0.000000 
0.004144 0.000000 0.568822 0.000000 0.000001 0.000000 0.000000 0.000000 0.072125 
0.000001 0.000000 0.050850 0.954332 0.005084 0.935101 0.031881 0.000000 0.000000 
0.000000 0.000000 0.027344 0.000000 0.029863 0.014003 0.000000 0.026295 0.000000 
0.000000 0.000000 0.000000 0.021241 0.933612 0.048419 0.000000 0.000000 0.000000 
0.000000 0.024085 0.000000 0.024427 0.000000 0.000000 0.957096 0.000000 0.000000 
0.000000 0.000000 0.000000 0.000000 0.031441 0.002478 0.000790 0.944124 0.014483 
0.038245 0.000000 0.106916 0.000000 0.000000 0.000000 0.000015 0.029581 0.067426 
0.004626 0.007129 0.131182 0.006252 0.007207 0.012135 0.004127 0.009701 0.006369 
0.074086 0.074606 0.022266 0.000000 0.000000 0.072074 0.002196 0.001213 0.079581 
0.001801 0.000000 0.000000 0.000006 0.071324 0.000000 0.068023 0.072176 0.067543 
0.004072 0.009723 0.000000 0.000000 0.006323 0.008784 0.011212 0.010086 0.665360 
0.078980 0.000234 0.013773 0.079262 0.070022 0.071510 0.000000 0.000000 0.000000 
0.681628 0.006409 0.217176 0.008826 0.006110 0.656455 0.000000 0.000000 0.008743 
0.006521 0.000000 0.071847 0.015004 0.658572 0.004718 0.003471 0.002914 0.008899 
0.080121 0.000806 0.007540 0.001225 0.064962 0.078858 0.001409 0.000001 0.067535 
0.000000 0.077854 0.009943 0.081504 0.000000 0.001235 0.071691 0.072262 0.000000 
0.005077 0.650096 0.108939 0.008824 0.000000 0.005803 0.009006 0.014225 0.008508 
0.000000 0.005775 0.000000 0.006031 0.005868 0.000000 0.649880 0.659047 0.004229 
0.000913 0.072201 0.000000 0.000000 0.001021 0.000000 0.084390 0.069737 0.074203 
0.003433 0.004860 0.151043 0.625456 0.007892 0.005829 0.007883 0.007234 0.000000 
0.048379 0.077812 0.266190 0.082843 0.000741 0.074764 0.001290 0.000795 0.000000 
0.001464 0.000000 0.000097 0.078950 0.085312 0.001593 0.075947 0.072455 0.000040 
0.008900 0.012497 0.000003 0.005817 0.014644 0.006242 0.009474 0.008156 0.008991 
