7 4 16
0
0.942662 0.924223 0.001330 0.000028 0.000208 0.000000 0.008496 
0.024781 0.037274 0.945365 0.000000 0.000302 0.000000 0.001784 
0.002989 0.034533 0.038879 0.000000 0.000000 0.000000 0.013155 
0.000063 0.000492 0.000000 0.964526 0.906664 0.000000 0.012218 
0.000000 0.000133 0.000574 0.011916 0.058358 0.901852 0.000000 
0.000000 0.000002 0.000000 0.000000 0.034432 0.063033 0.012856 
0.029505 0.003344 0.013853 0.023530 0.000035 0.035116 0.951491 
1
0.058358 0.019536 0.000000 0.000000 0.000000 0.000000 0.008849 
0.027545 0.960637 0.024884 0.000000 0.000000 0.000000 0.000002 
0.000645 0.019826 0.044936 0.000000 0.000000 0.004371 0.014338 
0.000073 0.000000 0.000004 0.958868 0.013608 0.000016 0.488105 
0.000031 0.000001 0.000000 0.010632 0.959686 0.039065 0.000000 
0.000072 0.000000 0.000005 0.003085 0.026706 0.947579 0.430119 
0.913276 0.000000 0.930171 0.027415 0.000000 0.008970 0.058586 
2
0.042256 0.026008 0.000000 0.000000 0.000000 0.000000 0.016072 
0.930572 0.058848 0.054765 0.001053 0.000000 0.000000 0.000000 
0.000000 0.915096 0.914563 0.001571 0.000000 0.000000 0.018229 
0.002980 0.000000 0.000000 0.045054 0.037976 0.000001 0.009936 
0.000000 0.000000 0.000000 0.926923 0.041254 0.006816 0.001501 
0.000000 0.000049 0.000001 0.002038 0.920769 0.993178 0.005004 
0.024192 0.000000 0.030671 0.023361 0.000000 0.000005 0.949258 
3
0.966753 0.010593 0.000000 0.000000 0.000003 0.000000 0.481284 
0.021556 0.959198 0.026266 0.000000 0.000000 0.000000 0.000004 
0.000000 0.028852 0.957845 0.000000 0.000000 0.007256 0.428466 
0.000000 0.000000 0.000000 0.070933 0.031853 0.000000 0.021961 
0.000000 0.001356 0.000000 0.013530 0.940037 0.036777 0.000272 
0.000000 0.000000 0.000000 0.000000 0.028106 0.034777 0.005563 
0.011692 0.000000 0.015890 0.915537 0.000000 0.921189 0.062451 
0.006895 0.004125 0.006699 0.006858 0.010222 0.006570 0.010985 
0.074301 0.002260 0.000000 0.079721 0.001278 0.000000 0.072467 
0.000000 0.067879 0.000628 0.067958 0.072986 0.069816 0.000792 
0.009646 0.010671 0.000000 0.666195 0.010636 0.007543 0.006375 
0.001854 0.000000 0.076319 0.000004 0.000000 0.070370 0.073864 
0.006201 0.000000 0.010106 0.007953 0.000000 0.007235 0.660525 
0.000000 0.003515 0.015353 0.006587 0.003047 0.656477 0.007827 
0.000874 0.001382 0.001489 0.069828 0.000470 0.063699 0.077018 
0.079199 0.071908 0.081145 0.000000 0.072086 0.000000 0.000023 
0.649141 0.009533 0.010108 0.008782 0.014247 0.000000 0.007694 
0.005035 0.652810 0.006973 0.002820 0.656880 0.008293 0.000000 
0.073828 0.082247 0.000000 0.074496 0.070498 0.001098 0.000334 
0.003275 0.008233 0.620352 0.000000 0.007192 0.007717 0.007238 
0.076783 0.001059 0.086017 0.000540 0.000794 0.000000 0.065839 
0.000039 0.074957 0.079623 0.000260 0.071519 0.085428 0.001495 
0.012929 0.009420 0.005189 0.007998 0.008145 0.015755 0.007525 
